42.570
42.063
41.904
41.697
41.224
40.795
40.621
40.237
39.866
39.245
38.776
38.395
37.929
37.757
37.541
36.971
36.495
35.883
35.340
34.813
34.437
34.217
34.089
34.018
34.074
34.192
34.307
34.260
34.092
33.930
31.821
31.941
31.927
31.819
31.832
31.783
31.690
31.707
31.584
31.569
31.528
31.564
31.553
31.584
31.581
31.620
31.649
31.636
31.613
31.549
31.561
31.593
31.631
31.576
31.553
31.559
31.573
31.606
31.619
31.682
32.021
32.191
32.130
32.011
31.988
31.979
31.903
31.890
31.810
31.761
31.653
31.491
31.367
31.376
31.369
31.443
31.568
31.639
31.666
31.644
31.601
31.658
31.678
31.684
31.670
31.622
31.588
31.615
31.608
31.546
31.998
32.109
32.033
31.985
31.949
31.884
31.874
31.916
31.886
31.980
32.014
31.997
31.993
32.021
31.934
31.971
31.896
31.846
31.758
31.766
31.742
31.760
31.736
31.701
31.693
31.719
31.755
31.740
31.695
31.688
32.055
32.163
32.101
32.052
32.095
32.106
32.097
32.051
32.074
32.080
32.043
32.036
31.990
32.043
31.956
31.841
31.730
31.610
31.453
31.423
31.448
31.414
31.481
31.524
31.545
31.551
31.586
31.608
31.620
31.651
31.949
32.080
31.959
31.910
31.817
31.714
31.606
31.586
31.697
31.695
31.736
31.762
31.731
31.710
31.692
31.731
31.737
31.715
31.673
31.630
31.639
31.666
31.667
31.698
31.711
31.690
31.646
31.641
31.634
31.637
32.028
32.184
32.148
32.101
32.079
32.077
32.078
32.090
32.045
32.076
32.080
32.042
32.031
32.027
32.037
32.010
31.953
31.995
31.966
31.928
31.900
31.870
31.825
31.810
31.855
31.812
31.756
31.612
31.635
31.519
31.964
32.077
31.877
31.799
31.686
31.527
31.369
31.406
31.389
31.390
31.455
31.439
31.469
31.419
31.390
31.401
31.358
31.404
31.433
31.444
31.432
31.451
31.441
31.419
31.435
31.440
31.487
31.486
31.515
31.482
31.836
31.968
31.886
31.866
31.858
31.771
31.746
31.739
31.668
31.708
31.649
31.700
31.661
31.624
31.625
31.633
31.624
31.636
31.566
31.527
31.536
31.535
31.549
31.542
31.538
31.563
31.579
31.595
31.592
31.638
32.045
32.226
32.206
32.178
32.098
31.978
31.959
31.866
31.737
31.726
31.662
31.666
31.688
31.799
32.060
32.351
32.911
33.847
35.031
36.708
39.347
40.744
40.459
39.858
39.287
38.588
38.038
37.636
37.677
37.861
