1	H	9824	10	0.014
2	P	155	1	0.033
3	P	112	1	0.066
4	P	111	1	0.099
5	P	137	1	0.134
6	P	136	1	0.167
7	P	113	1	0.199
8	P	118	1	0.232
9	P	120	1	0.264
10	P	115	1	0.298
11	P	119	1	0.330
12	P	123	1	0.363
13	P	128	1	0.396
14	P	127	1	0.430
15	P	130	1	0.463
16	P	151	1	0.496
17	P	177	1	0.529
18	P	176	1	0.563
19	P	173	1	0.595
20	P	173	1	0.628
21	P	168	1	0.661
22	P	159	1	0.694
23	P	147	1	0.727
24	P	135	1	0.760
25	P	135	1	0.794
26	P	140	1	0.826
27	P	141	1	0.858
28	P	142	1	0.892
29	P	162	1	0.924
30	P	164	1	0.957
31	H	2552	3	0.991
32	P	199	1	1.024
33	P	133	1	1.057
34	P	135	1	1.089
35	P	151	1	1.124
36	P	145	1	1.156
37	P	170	1	1.190
38	P	176	1	1.221
39	P	156	1	1.255
40	P	161	1	1.290
41	P	163	1	1.322
42	P	147	1	1.355
43	P	138	1	1.387
44	P	137	1	1.419
45	P	145	1	1.452
46	P	151	1	1.485
47	P	154	1	1.519
48	P	153	1	1.553
49	P	144	1	1.584
50	P	120	1	1.619
51	P	112	1	1.652
52	P	111	1	1.685
53	P	123	1	1.717
54	P	131	1	1.750
55	P	132	1	1.784
56	P	120	1	1.815
57	P	131	1	1.849
58	P	124	1	1.883
59	P	120	1	1.914
60	P	131	1	1.948
61	H	2516	3	1.982
62	P	215	1	2.013
63	P	135	1	2.047
64	P	138	1	2.079
65	P	140	1	2.113
66	P	138	1	2.146
67	P	152	1	2.180
68	P	150	1	2.211
69	P	158	1	2.246
70	P	175	1	2.278
71	P	166	1	2.311
72	P	185	1	2.345
73	P	187	1	2.379
74	P	174	1	2.412
75	P	138	1	2.443
76	P	127	1	2.476
77	P	149	1	2.509
78	P	145	1	2.542
79	P	160	1	2.575
80	P	170	1	2.608
81	P	160	1	2.642
82	P	173	1	2.673
83	P	153	1	2.707
84	P	145	1	2.739
85	P	154	1	2.773
86	P	152	1	2.806
87	P	145	1	2.840
88	P	155	1	2.872
89	P	141	1	2.905
90	P	135	1	2.938
91	H	2543	3	2.971
92	P	201	1	3.003
93	P	132	1	3.037
94	P	135	1	3.071
95	P	147	1	3.103
96	P	140	1	3.136
97	P	143	1	3.170
98	P	145	1	3.201
99	P	115	1	3.234
100	P	122	1	3.268
101	P	112	1	3.301
102	P	118	1	3.334
103	P	125	1	3.368
104	P	141	1	3.401
105	P	145	1	3.433
106	P	147	1	3.467
107	P	157	1	3.500
108	P	149	1	3.533
109	P	146	1	3.567
110	P	164	1	3.600
111	P	151	1	3.633
112	P	150	1	3.667
113	P	145	1	3.700
114	P	141	1	3.733
115	P	144	1	3.767
116	P	131	1	3.800
117	P	135	1	3.833
118	P	118	1	3.867
119	P	112	1	3.900
120	P	113	1	3.934
121	H	2524	3	3.967
122	P	188	1	4.000
123	P	128	1	4.033
124	P	116	1	4.067
125	P	112	1	4.100
126	P	128	1	4.133
127	P	126	1	4.167
128	P	127	1	4.200
129	P	123	1	4.233
130	P	134	1	4.267
131	P	136	1	4.300
132	P	133	1	4.333
133	P	131	1	4.367
134	P	148	1	4.400
135	P	135	1	4.433
136	P	162	1	4.467
137	P	183	1	4.500
138	P	192	1	4.533
139	P	180	1	4.567
140	P	157	1	4.600
141	P	156	1	4.634
142	P	147	1	4.667
143	P	156	1	4.700
144	P	135	1	4.733
145	P	134	1	4.767
146	P	128	1	4.800
147	P	131	1	4.833
148	P	127	1	4.867
149	P	125	1	4.900
150	P	136	1	4.934
151	H	2556	3	4.967
152	P	207	1	5.000
153	P	145	1	5.033
154	P	154	1	5.067
155	P	160	1	5.100
156	P	156	1	5.133
157	P	172	1	5.167
158	P	178	1	5.200
159	P	160	1	5.234
160	P	168	1	5.267
161	P	153	1	5.300
162	P	140	1	5.334
163	P	132	1	5.367
164	P	136	1	5.400
165	P	136	1	5.433
166	P	126	1	5.467
167	P	118	1	5.500
168	P	123	1	5.533
169	P	121	1	5.567
170	P	114	1	5.600
171	P	127	1	5.633
172	P	123	1	5.667
173	P	110	1	5.700
174	P	114	1	5.733
175	P	106	1	5.767
176	P	108	1	5.800
177	P	124	1	5.833
178	P	128	1	5.867
179	P	125	1	5.900
180	P	131	1	5.933
181	H	2533	3	5.967
182	P	192	1	6.000
183	P	121	1	6.033
184	P	121	1	6.067
185	P	118	1	6.100
186	P	119	1	6.133
187	P	113	1	6.167
188	P	133	1	6.200
189	P	132	1	6.234
190	P	120	1	6.267
191	P	132	1	6.300
192	P	117	1	6.333
193	P	109	1	6.367
194	P	111	1	6.400
195	P	108	1	6.433
196	P	111	1	6.467
197	P	114	1	6.500
198	P	125	1	6.502
199	P	123	1	6.567
200	P	134	1	6.568
201	P	123	1	6.633
202	P	130	1	6.633
203	P	128	1	6.700
204	P	127	1	6.700
205	P	137	1	6.767
206	P	128	1	6.767
207	P	131	1	6.834
208	P	138	1	6.834
209	P	166	1	6.900
210	P	156	1	6.900
211	H	2544	3	6.967
212	P	213	1	6.967
213	P	163	1	7.033
214	P	163	1	7.034
215	P	176	1	7.100
216	P	176	1	7.100
217	P	170	1	7.167
218	P	169	1	7.167
219	P	161	1	7.233
220	P	165	1	7.234
221	P	173	1	7.300
222	P	157	1	7.300
223	P	152	1	7.367
224	P	157	1	7.367
225	P	153	1	7.433
226	P	159	1	7.433
227	P	149	1	7.500
228	P	142	1	7.500
229	P	134	1	7.567
230	P	126	1	7.567
231	P	118	1	7.633
232	P	122	1	7.634
233	P	125	1	7.700
234	P	134	1	7.700
235	P	153	1	7.767
236	P	151	1	7.767
237	P	149	1	7.833
238	P	151	1	7.834
239	P	158	1	7.900
240	P	138	1	7.900
241	H	2581	3	7.967
242	P	208	1	7.967
243	P	133	1	8.033
244	P	144	1	8.033
245	P	149	1	8.100
246	P	141	1	8.100
247	P	152	1	8.167
248	P	150	1	8.167
249	P	143	1	8.233
250	P	157	1	8.234
251	P	153	1	8.300
252	P	156	1	8.300
253	P	152	1	8.367
254	P	153	1	8.367
255	P	144	1	8.434
256	P	129	1	8.434
257	P	119	1	8.500
258	P	130	1	8.500
259	P	141	1	8.567
260	P	158	1	8.567
261	P	151	1	8.633
262	P	168	1	8.634
263	P	158	1	8.700
264	P	140	1	8.700
265	P	130	1	8.767
266	P	119	1	8.767
267	P	116	1	8.833
268	P	116	1	8.833
269	P	120	1	8.900
270	P	130	1	8.900
271	H	2541	3	8.967
272	P	198	1	8.967
273	P	117	1	9.033
274	P	126	1	9.034
275	P	140	1	9.100
276	P	149	1	9.100
277	P	151	1	9.167
278	P	158	1	9.167
279	P	159	1	9.233
280	P	178	1	9.233
281	P	162	1	9.300
282	P	154	1	9.300
283	P	153	1	9.367
284	P	194	1	9.367
285	P	242	1	9.433
286	P	294	1	9.434
287	P	521	1	9.500
288	P	764	1	9.500
289	P	1006	1	9.567
290	P	1630	2	9.567
291	P	2887	3	9.633
292	P	2527	3	9.633
293	P	632	1	9.700
294	P	233	1	9.700
295	P	258	1	9.767
296	P	211	1	9.767
297	P	172	1	9.768
298	P	149	1	9.867
299	P	161	1	9.867
300	P	194	1	9.933
