0	1	0.000000	0.000000	0.000000	0.000000
1	1	0.000000	0.020732	0.000000	-0.020732
2	1	0.000000	0.033689	0.000000	-0.054421
3	1	0.000000	0.030188	0.000000	-0.084609
4	1	0.000000	0.034586	0.000000	-0.119195
5	1	0.000000	0.033869	0.000000	-0.153064
6	1	0.000000	0.031578	0.000000	-0.184642
7	1	0.000000	0.033270	0.000000	-0.217912
8	1	0.000000	0.033379	0.000000	-0.251291
9	1	0.000000	0.033342	0.000000	-0.284633
10	1	0.000000	0.033379	0.000000	-0.318012
11	1	0.000000	0.033247	0.000000	-0.351259
12	1	0.000000	0.033359	0.000000	-0.384618
13	1	0.000000	0.033313	0.000000	-0.417931
14	1	0.000000	0.033309	0.000000	-0.451240
15	1	0.000000	0.033379	0.000000	-0.484619
16	1	0.000000	0.033322	0.000000	-0.517941
17	1	0.000000	0.033297	0.000000	-0.551238
18	1	0.000000	0.033390	0.000000	-0.584628
19	1	0.000000	0.033296	0.000000	-0.617924
20	1	0.000000	0.033366	0.000000	-0.651290
21	1	0.000000	0.033285	0.000000	-0.684575
22	1	0.000000	0.033331	0.000000	-0.717906
23	1	0.000000	0.033335	0.000000	-0.751241
24	1	0.000000	0.033331	0.000000	-0.784572
25	1	0.000000	0.033334	0.000000	-0.817906
26	1	0.000000	0.033502	0.000000	-0.851408
27	1	0.000000	0.033234	0.000000	-0.884642
28	1	0.000000	0.033269	0.000000	-0.917911
29	1	0.000000	0.033347	0.000000	-0.951258
30	1	0.000000	0.033441	0.000000	-0.984699
31	1	0.000000	0.033214	0.000000	-1.017913
32	1	0.000000	0.033324	0.000000	-1.051237
33	1	0.000000	0.033337	0.000000	-1.084574
34	1	0.000000	0.033332	0.000000	-1.117906
35	1	0.000000	0.033334	0.000000	-1.151240
36	1	0.000000	0.033332	0.000000	-1.184572
37	1	0.000000	0.033335	0.000000	-1.217907
38	1	0.000000	0.033335	0.000000	-1.251242
39	1	0.000000	0.033332	0.000000	-1.284574
40	1	0.000000	0.033335	0.000000	-1.317909
41	1	0.000000	0.033362	0.000000	-1.351271
42	1	0.000000	0.033338	0.000000	-1.384609
43	1	0.000000	0.033307	0.000000	-1.417916
44	1	0.000000	0.033335	0.000000	-1.451251
45	1	0.000000	0.033332	0.000000	-1.484583
46	1	0.000000	0.033322	0.000000	-1.517905
47	1	0.000000	0.033380	0.000000	-1.551285
48	1	0.000000	0.033350	0.000000	-1.584635
49	1	0.000000	0.033270	0.000000	-1.617905
50	1	0.000000	0.033335	0.000000	-1.651240
51	1	0.000000	0.033373	0.000000	-1.684613
52	1	0.000000	0.033302	0.000000	-1.717915
53	1	0.000000	0.033324	0.000000	-1.751239
54	1	0.000000	0.033338	0.000000	-1.784577
55	1	0.000000	0.033357	0.000000	-1.817934
56	1	0.000000	0.033318	0.000000	-1.851252
57	1	0.000000	0.033354	0.000000	-1.884606
58	1	0.000000	0.033347	0.000000	-1.917953
59	1	0.000000	0.033287	0.000000	-1.951240
60	1	0.000000	0.033543	0.000000	-1.984783
61	1	0.000000	0.033134	0.000000	-2.017917
62	1	0.000000	0.033321	0.000000	-2.051238
63	1	0.000000	0.033333	0.000000	-2.084571
64	1	0.000000	0.033339	0.000000	-2.117910
65	1	0.000000	0.033327	0.000000	-2.151237
66	1	0.000000	0.033331	0.000000	-2.184568
67	1	0.000000	0.033378	0.000000	-2.217946
68	1	0.000000	0.033284	0.000000	-2.251230
69	1	0.000000	0.033349	0.000000	-2.284579
70	1	0.000000	0.033339	0.000000	-2.317918
71	1	0.000000	0.033323	0.000000	-2.351241
72	1	0.000000	0.033331	0.000000	-2.384572
73	1	0.000000	0.033334	0.000000	-2.417906
74	1	0.000000	0.033363	0.000000	-2.451269
75	1	0.000000	0.033312	0.000000	-2.484581
76	1	0.000000	0.033324	0.000000	-2.517905
77	1	0.000000	0.033342	0.000000	-2.551247
78	1	0.000000	0.033333	0.000000	-2.584580
79	1	0.000000	0.033370	0.000000	-2.617950
80	1	0.000000	0.033287	0.000000	-2.651237
81	1	0.000000	0.033343	0.000000	-2.684580
82	1	0.000000	0.033332	0.000000	-2.717912
83	1	0.000000	0.033324	0.000000	-2.751236
84	1	0.000000	0.033343	0.000000	-2.784579
85	1	0.000000	0.033338	0.000000	-2.817917
86	1	0.000000	0.033322	0.000000	-2.851239
87	1	0.000000	0.033333	0.000000	-2.884572
88	1	0.000000	0.033341	0.000000	-2.917913
89	1	0.000000	0.033326	0.000000	-2.951239
90	1	0.000000	0.033455	0.000000	-2.984694
91	1	0.000000	0.033220	0.000000	-3.017914
92	1	0.000000	0.033331	0.000000	-3.051245
93	1	0.000000	0.033327	0.000000	-3.084572
94	1	0.000000	0.033340	0.000000	-3.117912
95	1	0.000000	0.033335	0.000000	-3.151247
96	1	0.000000	0.033324	0.000000	-3.184571
97	1	0.000000	0.033378	0.000000	-3.217949
98	1	0.000000	0.033296	0.000000	-3.251245
99	1	0.000000	0.033336	0.000000	-3.284581
100	1	0.000000	0.033324	0.000000	-3.317905
101	1	0.000000	0.033341	0.000000	-3.351246
102	1	0.000000	0.033337	0.000000	-3.384583
103	1	0.000000	0.033323	0.000000	-3.417906
104	1	0.000000	0.033337	0.000000	-3.451243
105	1	0.000000	0.033329	0.000000	-3.484572
106	1	0.000000	0.033334	0.000000	-3.517906
107	1	0.000000	0.033340	0.000000	-3.551246
108	1	0.000000	0.033325	0.000000	-3.584571
109	1	0.000000	0.033343	0.000000	-3.617914
110	1	0.000000	0.033324	0.000000	-3.651238
111	1	0.000000	0.033341	0.000000	-3.684579
112	1	0.000000	0.033387	0.000000	-3.717966
113	1	0.000000	0.033273	0.000000	-3.751239
114	1	0.000000	0.033332	0.000000	-3.784571
115	1	0.000000	0.033345	0.000000	-3.817916
116	1	0.000000	0.033321	0.000000	-3.851237
117	1	0.000000	0.033353	0.000000	-3.884590
118	1	0.000000	0.033324	0.000000	-3.917914
119	1	0.000000	0.033325	0.000000	-3.951239
120	1	0.000000	0.033421	0.000000	-3.984660
121	1	0.000000	0.033255	0.000000	-4.017915
122	1	0.000000	0.033330	0.000000	-4.051245
123	1	0.000000	0.033326	0.000000	-4.084571
124	1	0.000000	0.033348	0.000000	-4.117919
125	1	0.000000	0.033325	0.000000	-4.151244
126	1	0.000000	0.033326	0.000000	-4.184570
127	1	0.000000	0.033334	0.000000	-4.217904
128	1	0.000000	0.033342	0.000000	-4.251246
129	1	0.000000	0.033332	0.000000	-4.284578
130	1	0.000000	0.033333	0.000000	-4.317911
131	1	0.000000	0.033348	0.000000	-4.351259
132	1	0.000000	0.033313	0.000000	-4.384572
133	1	0.000000	0.033334	0.000000	-4.417906
134	1	0.000000	0.033333	0.000000	-4.451239
135	1	0.000000	0.033332	0.000000	-4.484571
136	1	0.000000	0.033335	0.000000	-4.517906
137	1	0.000000	0.033335	0.000000	-4.551241
138	1	0.000000	0.033335	0.000000	-4.584576
139	1	0.000000	0.033331	0.000000	-4.617907
140	1	0.000000	0.033332	0.000000	-4.651239
141	1	0.000000	0.033341	0.000000	-4.684580
142	1	0.000000	0.033323	0.000000	-4.717903
143	1	0.000000	0.033335	0.000000	-4.751238
144	1	0.000000	0.033341	0.000000	-4.784579
145	1	0.000000	0.033353	0.000000	-4.817932
146	1	0.000000	0.033303	0.000000	-4.851235
147	1	0.000000	0.033343	0.000000	-4.884578
148	1	0.000000	0.033336	0.000000	-4.917914
149	1	0.000000	0.033324	0.000000	-4.951238
150	1	0.000000	0.033419	0.000000	-4.984657
151	1	0.000000	0.033257	0.000000	-5.017914
152	1	0.000000	0.033331	0.000000	-5.051245
153	1	0.000000	0.033327	0.000000	-5.084572
154	1	0.000000	0.033332	0.000000	-5.117904
155	1	0.000000	0.033344	0.000000	-5.151248
156	1	0.000000	0.033324	0.000000	-5.184572
157	1	0.000000	0.033349	0.000000	-5.217921
158	1	0.000000	0.033327	0.000000	-5.251248
159	1	0.000000	0.033332	0.000000	-5.284580
160	1	0.000000	0.033333	0.000000	-5.317913
161	1	0.000000	0.033331	0.000000	-5.351244
162	1	0.000000	0.033353	0.000000	-5.384597
163	1	0.000000	0.033309	0.000000	-5.417906
164	1	0.000000	0.033333	0.000000	-5.451239
165	1	0.000000	0.033332	0.000000	-5.484571
166	1	0.000000	0.033335	0.000000	-5.517906
167	1	0.000000	0.033338	0.000000	-5.551244
168	1	0.000000	0.033320	0.000000	-5.584564
169	1	0.000000	0.033343	0.000000	-5.617907
170	1	0.000000	0.033335	0.000000	-5.651242
171	1	0.000000	0.033331	0.000000	-5.684573
172	1	0.000000	0.033345	0.000000	-5.717918
173	1	0.000000	0.033337	0.000000	-5.751255
174	1	0.000000	0.033325	0.000000	-5.784580
175	1	0.000000	0.033332	0.000000	-5.817912
176	1	0.000000	0.033326	0.000000	-5.851238
177	1	0.000000	0.033335	0.000000	-5.884573
178	1	0.000000	0.033341	0.000000	-5.917914
179	1	0.000000	0.033323	0.000000	-5.951237
180	1	0.000000	0.033423	0.000000	-5.984660
181	1	0.000000	0.033245	0.000000	-6.017905
182	1	0.000000	0.033333	0.000000	-6.051238
183	1	0.000000	0.033334	0.000000	-6.084572
184	1	0.000000	0.033341	0.000000	-6.117913
185	1	0.000000	0.033334	0.000000	-6.151247
186	1	0.000000	0.033323	0.000000	-6.184570
187	1	0.000000	0.033352	0.000000	-6.217922
188	1	0.000000	0.033316	0.000000	-6.251238
189	1	0.000000	0.033333	0.000000	-6.284571
190	1	0.000000	0.033324	0.000000	-6.317895
191	1	0.000000	0.033349	0.000000	-6.351244
192	1	0.000000	0.033327	0.000000	-6.384571
193	1	0.000000	0.033333	0.000000	-6.417904
194	1	0.000000	0.033336	0.000000	-6.451240
195	1	0.000000	0.033338	0.000000	-6.484578
196	1	0.000000	0.033326	0.000000	-6.517904
197	1	0.000000	0.033333	0.000000	-6.551237
198	1	0.000000	0.033334	0.000000	-6.584571
199	1	0.000000	0.033368	0.000000	-6.617939
200	1	0.000000	0.033298	0.000000	-6.651237
201	1	0.000000	0.033343	0.000000	-6.684580
202	1	0.000000	0.033328	0.000000	-6.717908
203	1	0.000000	0.033330	0.000000	-6.751238
204	1	0.000000	0.033336	0.000000	-6.784574
205	1	0.000000	0.033330	0.000000	-6.817904
206	1	0.000000	0.033336	0.000000	-6.851240
207	1	0.000000	0.033332	0.000000	-6.884572
208	1	0.000000	0.033369	0.000000	-6.917941
209	1	0.000000	0.033349	0.000000	-6.951290
210	1	0.000000	0.033370	0.000000	-6.984660
211	1	0.000000	0.033249	0.000000	-7.017909
212	1	0.000000	0.033320	0.000000	-7.051229
213	1	0.000000	0.033349	0.000000	-7.084578
214	1	0.000000	0.033344	0.000000	-7.117922
215	1	0.000000	0.033316	0.000000	-7.151238
216	1	0.000000	0.033371	0.000000	-7.184609
217	1	0.000000	0.033310	0.000000	-7.217919
218	1	0.000000	0.033320	0.000000	-7.251239
219	1	0.000000	0.033330	0.000000	-7.284569
220	1	0.000000	0.033334	0.000000	-7.317903
221	1	0.000000	0.033342	0.000000	-7.351245
222	1	0.000000	0.033329	0.000000	-7.384574
223	1	0.000000	0.033338	0.000000	-7.417912
224	1	0.000000	0.033327	0.000000	-7.451239
225	1	0.000000	0.033336	0.000000	-7.484575
226	1	0.000000	0.033331	0.000000	-7.517906
227	1	0.000000	0.033370	0.000000	-7.551276
228	1	0.000000	0.033303	0.000000	-7.584579
229	1	0.000000	0.033329	0.000000	-7.617908
230	1	0.000000	0.033330	0.000000	-7.651238
231	1	0.000000	0.033334	0.000000	-7.684572
232	1	0.000000	0.033333	0.000000	-7.717905
233	1	0.000000	0.033334	0.000000	-7.751239
234	1	0.000000	0.033339	0.000000	-7.784578
235	1	0.000000	0.033333	0.000000	-7.817911
236	1	0.000000	0.033359	0.000000	-7.851270
237	1	0.000000	0.033292	0.000000	-7.884562
238	1	0.000000	0.033344	0.000000	-7.917906
239	1	0.000000	0.033333	0.000000	-7.951239
240	1	0.000000	0.033444	0.000000	-7.984683
241	1	0.000000	0.033239	0.000000	-8.017922
242	1	0.000000	0.033336	0.000000	-8.051258
243	1	0.000000	0.033326	0.000000	-8.084584
244	1	0.000000	0.033321	0.000000	-8.117905
245	1	0.000000	0.033333	0.000000	-8.151238
246	1	0.000000	0.033342	0.000000	-8.184580
247	1	0.000000	0.033325	0.000000	-8.217905
248	1	0.000000	0.033333	0.000000	-8.251238
249	1	0.000000	0.033333	0.000000	-8.284571
250	1	0.000000	0.033335	0.000000	-8.317906
251	1	0.000000	0.033329	0.000000	-8.351235
252	1	0.000000	0.033341	0.000000	-8.384576
253	1	0.000000	0.033325	0.000000	-8.417901
254	1	0.000000	0.033342	0.000000	-8.451243
255	1	0.000000	0.033327	0.000000	-8.484570
256	1	0.000000	0.033341	0.000000	-8.517911
257	1	0.000000	0.033328	0.000000	-8.551239
258	1	0.000000	0.033333	0.000000	-8.584572
259	1	0.000000	0.033342	0.000000	-8.617914
260	1	0.000000	0.033326	0.000000	-8.651240
261	1	0.000000	0.033332	0.000000	-8.684572
262	1	0.000000	0.033345	0.000000	-8.717917
263	1	0.000000	0.033316	0.000000	-8.751233
264	1	0.000000	0.033365	0.000000	-8.784598
265	1	0.000000	0.033305	0.000000	-8.817903
266	1	0.000000	0.033336	0.000000	-8.851239
267	1	0.000000	0.033337	0.000000	-8.884576
268	1	0.000000	0.033337	0.000000	-8.917913
269	1	0.000000	0.033326	0.000000	-8.951239
270	1	0.000000	0.033433	0.000000	-8.984672
271	1	0.000000	0.033235	0.000000	-9.017907
272	1	0.000000	0.033331	0.000000	-9.051238
273	1	0.000000	0.033334	0.000000	-9.084572
274	1	0.000000	0.033424	0.000000	-9.117996
275	1	0.000000	0.033249	0.000000	-9.151245
276	1	0.000000	0.033326	0.000000	-9.184571
277	1	0.000000	0.033352	0.000000	-9.217923
278	1	0.000000	0.033317	0.000000	-9.251240
279	1	0.000000	0.033334	0.000000	-9.284574
280	1	0.000000	0.033337	0.000000	-9.317911
281	1	0.000000	0.033385	0.000000	-9.351296
282	1	0.000000	0.033277	0.000000	-9.384573
283	1	0.000000	0.033392	0.000000	-9.417965
284	1	0.000000	0.033273	0.000000	-9.451238
285	1	0.000000	0.033331	0.000000	-9.484569
286	1	0.000000	0.033381	0.000000	-9.517950
287	1	0.000000	0.033287	0.000000	-9.551237
288	1	0.000000	0.033334	0.000000	-9.584571
289	1	0.000000	0.033363	0.000000	-9.617934
290	1	0.000000	0.033305	0.000000	-9.651239
291	1	0.000000	0.033331	0.000000	-9.684570
292	1	0.000000	0.033338	0.000000	-9.717908
293	1	0.000000	0.033337	0.000000	-9.751245
294	1	0.000000	0.033327	0.000000	-9.784572
295	1	0.000000	0.033371	0.000000	-9.817943
296	1	0.000000	0.033322	0.000000	-9.851265
297	1	0.000000	0.033322	0.000000	-9.884587
298	1	0.000000	0.033310	0.000000	-9.917897
299	1	0.000000	0.033349	0.000000	-9.951246
300	1	0.000000	0.033426	0.000000	-9.984672
301	1	0.000000	0.033236	0.000000	-10.017908
302	1	0.000000	0.033334	0.000000	-10.051242
303	1	0.000000	0.033331	0.000000	-10.084573
304	1	0.000000	0.033320	0.000000	-10.117893
305	1	0.000000	0.033358	0.000000	-10.151251
306	1	0.000000	0.033333	0.000000	-10.184584
307	1	0.000000	0.033328	0.000000	-10.217912
308	1	0.000000	0.033330	0.000000	-10.251242
309	1	0.000000	0.033332	0.000000	-10.284574
310	1	0.000000	0.033333	0.000000	-10.317907
311	1	0.000000	0.033421	0.000000	-10.351328
312	1	0.000000	0.033250	0.000000	-10.384578
313	1	0.000000	0.033338	0.000000	-10.417916
314	1	0.000000	0.033321	0.000000	-10.451237
315	1	0.000000	0.033343	0.000000	-10.484580
316	1	0.000000	0.033317	0.000000	-10.517897
317	1	0.000000	0.033342	0.000000	-10.551239
318	1	0.000000	0.033339	0.000000	-10.584578
319	1	0.000000	0.033327	0.000000	-10.617905
320	1	0.000000	0.033340	0.000000	-10.651245
321	1	0.000000	0.033339	0.000000	-10.684584
322	1	0.000000	0.033343	0.000000	-10.717927
323	1	0.000000	0.033313	0.000000	-10.751240
324	1	0.000000	0.033332	0.000000	-10.784572
325	1	0.000000	0.033333	0.000000	-10.817905
326	1	0.000000	0.033335	0.000000	-10.851240
327	1	0.000000	0.033324	0.000000	-10.884564
328	1	0.000000	0.033334	0.000000	-10.917898
329	1	0.000000	0.033351	0.000000	-10.951249
330	1	0.000000	0.033451	0.000000	-10.984700
331	1	0.000000	0.033209	0.000000	-11.017909
332	1	0.000000	0.033331	0.000000	-11.051240
333	1	0.000000	0.033340	0.000000	-11.084580
334	1	0.000000	0.033330	0.000000	-11.117910
335	1	0.000000	0.033330	0.000000	-11.151240
336	1	0.000000	0.033333	0.000000	-11.184573
337	1	0.000000	0.033332	0.000000	-11.217905
338	1	0.000000	0.033328	0.000000	-11.251233
339	1	0.000000	0.033339	0.000000	-11.284572
340	1	0.000000	0.033329	0.000000	-11.317901
341	1	0.000000	0.033328	0.000000	-11.351229
342	1	0.000000	0.033345	0.000000	-11.384574
343	1	0.000000	0.033338	0.000000	-11.417912
344	1	0.000000	0.033327	0.000000	-11.451239
345	1	0.000000	0.033332	0.000000	-11.484571
346	1	0.000000	0.033331	0.000000	-11.517902
347	1	0.000000	0.033336	0.000000	-11.551238
348	1	0.000000	0.033373	0.000000	-11.584611
349	1	0.000000	0.033296	0.000000	-11.617907
350	1	0.000000	0.033335	0.000000	-11.651242
351	1	0.000000	0.033339	0.000000	-11.684581
352	1	0.000000	0.033332	0.000000	-11.717913
353	1	0.000000	0.033345	0.000000	-11.751258
354	1	0.000000	0.033315	0.000000	-11.784573
355	1	0.000000	0.033339	0.000000	-11.817912
356	1	0.000000	0.033337	0.000000	-11.851249
357	1	0.000000	0.033334	0.000000	-11.884583
358	1	0.000000	0.033322	0.000000	-11.917905
359	1	0.000000	0.033335	0.000000	-11.951240
360	1	0.000000	0.033418	0.000000	-11.984658
361	1	0.000000	0.033253	0.000000	-12.017911
362	1	0.000000	0.033327	0.000000	-12.051238
363	1	0.000000	0.033342	0.000000	-12.084580
364	1	0.000000	0.033322	0.000000	-12.117902
365	1	0.000000	0.033335	0.000000	-12.151237
366	1	0.000000	0.033338	0.000000	-12.184575
367	1	0.000000	0.033342	0.000000	-12.217917
368	1	0.000000	0.033322	0.000000	-12.251239
369	1	0.000000	0.033334	0.000000	-12.284573
370	1	0.000000	0.033334	0.000000	-12.317907
371	1	0.000000	0.033331	0.000000	-12.351238
372	1	0.000000	0.033347	0.000000	-12.384585
373	1	0.000000	0.033320	0.000000	-12.417905
374	1	0.000000	0.033335	0.000000	-12.451240
375	1	0.000000	0.033353	0.000000	-12.484593
376	1	0.000000	0.033312	0.000000	-12.517905
377	1	0.000000	0.033335	0.000000	-12.551240
378	1	0.000000	0.033381	0.000000	-12.584621
379	1	0.000000	0.033288	0.000000	-12.617909
380	1	0.000000	0.033329	0.000000	-12.651238
381	1	0.000000	0.033340	0.000000	-12.684578
382	1	0.000000	0.033326	0.000000	-12.717904
383	1	0.000000	0.033338	0.000000	-12.751242
384	1	0.000000	0.033330	0.000000	-12.784572
385	1	0.000000	0.033353	0.000000	-12.817925
386	1	0.000000	0.033328	0.000000	-12.851253
387	1	0.000000	0.033319	0.000000	-12.884572
388	1	0.000000	0.033339	0.000000	-12.917911
389	1	0.000000	0.033335	0.000000	-12.951246
390	1	0.000000	0.033412	0.000000	-12.984658
391	1	0.000000	0.033253	0.000000	-13.017911
392	1	0.000000	0.033328	0.000000	-13.051239
393	1	0.000000	0.033340	0.000000	-13.084579
394	1	0.000000	0.033333	0.000000	-13.117912
395	1	0.000000	0.033326	0.000000	-13.151238
396	1	0.000000	0.033366	0.000000	-13.184604
397	1	0.000000	0.033364	0.000000	-13.217968
398	1	0.000000	0.033278	0.000000	-13.251246
399	1	0.000000	0.033325	0.000000	-13.284571
400	1	0.000000	0.033369	0.000000	-13.317940
401	1	0.000000	0.033294	0.000000	-13.351234
402	1	0.000000	0.033354	0.000000	-13.384588
403	1	0.000000	0.033318	0.000000	-13.417906
404	1	0.000000	0.033337	0.000000	-13.451243
405	1	0.000000	0.033319	0.000000	-13.484562
406	1	0.000000	0.033351	0.000000	-13.517913
407	1	0.000000	0.033327	0.000000	-13.551240
408	1	0.000000	0.033343	0.000000	-13.584583
409	1	0.000000	0.033333	0.000000	-13.617916
410	1	0.000000	0.033340	0.000000	-13.651256
411	1	0.000000	0.033332	0.000000	-13.684588
412	1	0.000000	0.033318	0.000000	-13.717906
413	1	0.000000	0.033332	0.000000	-13.751238
414	1	0.000000	0.033339	0.000000	-13.784577
415	1	0.000000	0.033337	0.000000	-13.817914
416	1	0.000000	0.033334	0.000000	-13.851248
417	1	0.000000	0.033324	0.000000	-13.884572
418	1	0.000000	0.033332	0.000000	-13.917904
419	1	0.000000	0.033334	0.000000	-13.951238
420	1	0.000000	0.033426	0.000000	-13.984664
421	1	0.000000	0.033248	0.000000	-14.017912
422	1	0.000000	0.033333	0.000000	-14.051245
423	1	0.000000	0.033324	0.000000	-14.084569
424	1	0.000000	0.033336	0.000000	-14.117905
425	1	0.000000	0.033333	0.000000	-14.151238
426	1	0.000000	0.033335	0.000000	-14.184573
427	1	0.000000	0.033337	0.000000	-14.217910
428	1	0.000000	0.033338	0.000000	-14.251248
429	1	0.000000	0.033370	0.000000	-14.284618
430	1	0.000000	0.033293	0.000000	-14.317911
431	1	0.000000	0.033334	0.000000	-14.351245
432	1	0.000000	0.033387	0.000000	-14.384632
433	1	0.000000	0.033279	0.000000	-14.417911
434	1	0.000000	0.033327	0.000000	-14.451238
435	1	0.000000	0.033335	0.000000	-14.484573
436	1	0.000000	0.033331	0.000000	-14.517904
437	1	0.000000	0.033341	0.000000	-14.551245
438	1	0.000000	0.033332	0.000000	-14.584577
439	1	0.000000	0.033337	0.000000	-14.617914
440	1	0.000000	0.033331	0.000000	-14.651245
441	1	0.000000	0.033367	0.000000	-14.684612
442	1	0.000000	0.033295	0.000000	-14.717907
443	1	0.000000	0.033331	0.000000	-14.751238
444	1	0.000000	0.033340	0.000000	-14.784578
445	1	0.000000	0.033328	0.000000	-14.817906
446	1	0.000000	0.033340	0.000000	-14.851246
447	1	0.000000	0.033334	0.000000	-14.884580
448	1	0.000000	0.033327	0.000000	-14.917907
449	1	0.000000	0.033331	0.000000	-14.951238
450	1	0.000000	0.033437	0.000000	-14.984675
451	1	0.000000	0.033237	0.000000	-15.017912
452	1	0.000000	0.033326	0.000000	-15.051238
453	1	0.000000	0.033335	0.000000	-15.084573
454	1	0.000000	0.033337	0.000000	-15.117910
455	1	0.000000	0.033335	0.000000	-15.151245
456	1	0.000000	0.033330	0.000000	-15.184575
457	1	0.000000	0.033341	0.000000	-15.217916
458	1	0.000000	0.033324	0.000000	-15.251240
459	1	0.000000	0.033334	0.000000	-15.284574
460	1	0.000000	0.033341	0.000000	-15.317915
461	1	0.000000	0.033326	0.000000	-15.351241
462	1	0.000000	0.033357	0.000000	-15.384598
463	1	0.000000	0.033317	0.000000	-15.417915
464	1	0.000000	0.033324	0.000000	-15.451239
465	1	0.000000	0.033332	0.000000	-15.484571
466	1	0.000000	0.033333	0.000000	-15.517904
467	1	0.000000	0.033337	0.000000	-15.551241
468	1	0.000000	0.033335	0.000000	-15.584576
469	1	0.000000	0.033337	0.000000	-15.617913
470	1	0.000000	0.033334	0.000000	-15.651247
471	1	0.000000	0.033330	0.000000	-15.684577
472	1	0.000000	0.033329	0.000000	-15.717906
473	1	0.000000	0.033344	0.000000	-15.751250
474	1	0.000000	0.033334	0.000000	-15.784584
475	1	0.000000	0.033327	0.000000	-15.817911
476	1	0.000000	0.033330	0.000000	-15.851241
477	1	0.000000	0.033340	0.000000	-15.884581
478	1	0.000000	0.033325	0.000000	-15.917906
479	1	0.000000	0.033332	0.000000	-15.951238
480	1	0.000000	0.033408	0.000000	-15.984646
481	1	0.000000	0.033258	0.000000	-16.017904
482	1	0.000000	0.033334	0.000000	-16.051238
483	1	0.000000	0.033333	0.000000	-16.084571
484	1	0.000000	0.033335	0.000000	-16.117906
485	1	0.000000	0.033341	0.000000	-16.151247
486	1	0.000000	0.033323	0.000000	-16.184570
487	1	0.000000	0.033334	0.000000	-16.217904
488	1	0.000000	0.033336	0.000000	-16.251240
489	1	0.000000	0.033331	0.000000	-16.284571
490	1	0.000000	0.033382	0.000000	-16.317953
491	1	0.000000	0.033306	0.000000	-16.351259
492	1	0.000000	0.033354	0.000000	-16.384613
493	1	0.000000	0.033297	0.000000	-16.417910
494	1	0.000000	0.033345	0.000000	-16.451255
495	1	0.000000	0.033347	0.000000	-16.484602
496	1	0.000000	0.033306	0.000000	-16.517908
497	1	0.000000	0.033330	0.000000	-16.551238
498	1	0.000000	0.033336	0.000000	-16.584574
499	1	0.000000	0.033350	0.000000	-16.617924
500	1	0.000000	0.033319	0.000000	-16.651243
501	1	0.000000	0.033332	0.000000	-16.684575
502	1	0.000000	0.033337	0.000000	-16.717912
503	1	0.000000	0.033335	0.000000	-16.751247
504	1	0.000000	0.033337	0.000000	-16.784584
505	1	0.000000	0.033324	0.000000	-16.817908
506	1	0.000000	0.033334	0.000000	-16.851242
507	1	0.000000	0.033342	0.000000	-16.884584
508	1	0.000000	0.033329	0.000000	-16.917913
509	1	0.000000	0.033334	0.000000	-16.951247
510	1	0.000000	0.033438	0.000000	-16.984685
511	1	0.000000	0.033237	0.000000	-17.017922
512	1	0.000000	0.033319	0.000000	-17.051241
513	1	0.000000	0.033340	0.000000	-17.084581
514	1	0.000000	0.033339	0.000000	-17.117920
515	1	0.000000	0.033326	0.000000	-17.151246
516	1	0.000000	0.033333	0.000000	-17.184579
517	1	0.000000	0.033597	0.000000	-17.218176
518	1	0.000000	0.033088	0.000000	-17.251264
519	1	0.000000	0.033334	0.000000	-17.284598
520	1	0.000000	0.033312	0.000000	-17.317910
521	1	0.000000	0.033344	0.000000	-17.351254
522	1	0.000000	0.033328	0.000000	-17.384582
523	1	0.000000	0.033341	0.000000	-17.417923
524	1	0.000000	0.033309	0.000000	-17.451232
525	1	0.000000	0.033343	0.000000	-17.484575
526	1	0.000000	0.033335	0.000000	-17.517910
527	1	0.000000	0.033321	0.000000	-17.551231
528	1	0.000000	0.033348	0.000000	-17.584579
529	1	0.000000	0.033336	0.000000	-17.617915
530	1	0.000000	0.033336	0.000000	-17.651251
531	1	0.000000	0.033330	0.000000	-17.684581
532	1	0.000000	0.033335	0.000000	-17.717916
533	1	0.000000	0.033329	0.000000	-17.751245
534	1	0.000000	0.033321	0.000000	-17.784566
535	1	0.000000	0.033342	0.000000	-17.817908
536	1	0.000000	0.033348	0.000000	-17.851256
537	1	0.000000	0.033318	0.000000	-17.884574
538	1	0.000000	0.033336	0.000000	-17.917910
539	1	0.000000	0.033331	0.000000	-17.951241
540	1	0.000000	0.033452	0.000000	-17.984693
541	1	0.000000	0.033219	0.000000	-18.017912
542	1	0.000000	0.033326	0.000000	-18.051238
543	1	0.000000	0.033341	0.000000	-18.084579
544	1	0.000000	0.033326	0.000000	-18.117905
545	1	0.000000	0.033342	0.000000	-18.151247
546	1	0.000000	0.033327	0.000000	-18.184574
547	1	0.000000	0.033340	0.000000	-18.217914
548	1	0.000000	0.033333	0.000000	-18.251247
549	1	0.000000	0.033332	0.000000	-18.284579
550	1	0.000000	0.033354	0.000000	-18.317933
551	1	0.000000	0.033311	0.000000	-18.351244
552	1	0.000000	0.033333	0.000000	-18.384577
553	1	0.000000	0.033329	0.000000	-18.417906
554	1	0.000000	0.033337	0.000000	-18.451243
555	1	0.000000	0.033326	0.000000	-18.484569
556	1	0.000000	0.033335	0.000000	-18.517904
557	1	0.000000	0.033330	0.000000	-18.551234
558	1	0.000000	0.033349	0.000000	-18.584583
559	1	0.000000	0.033323	0.000000	-18.617906
560	1	0.000000	0.033338	0.000000	-18.651244
561	1	0.000000	0.033329	0.000000	-18.684573
562	1	0.000000	0.033334	0.000000	-18.717907
563	1	0.000000	0.033321	0.000000	-18.751228
564	1	0.000000	0.033350	0.000000	-18.784578
565	1	0.000000	0.033332	0.000000	-18.817910
566	1	0.000000	0.033329	0.000000	-18.851239
567	1	0.000000	0.033340	0.000000	-18.884579
568	1	0.000000	0.033326	0.000000	-18.917905
569	1	0.000000	0.033340	0.000000	-18.951245
570	1	0.000000	0.033441	0.000000	-18.984686
571	1	0.000000	0.033225	0.000000	-19.017911
572	1	0.000000	0.033317	0.000000	-19.051228
573	1	0.000000	0.033356	0.000000	-19.084584
574	1	0.000000	0.033317	0.000000	-19.117901
575	1	0.000000	0.033343	0.000000	-19.151244
576	1	0.000000	0.033328	0.000000	-19.184572
577	1	0.000000	0.033344	0.000000	-19.217916
578	1	0.000000	0.033319	0.000000	-19.251235
579	1	0.000000	0.033337	0.000000	-19.284572
580	1	0.000000	0.033334	0.000000	-19.317906
581	1	0.000000	0.033332	0.000000	-19.351238
582	1	0.000000	0.033343	0.000000	-19.384581
583	1	0.000000	0.033325	0.000000	-19.417906
584	1	0.000000	0.033327	0.000000	-19.451233
585	1	0.000000	0.033337	0.000000	-19.484570
586	1	0.000000	0.033334	0.000000	-19.517904
587	1	0.000000	0.033335	0.000000	-19.551239
588	1	0.000000	0.033352	0.000000	-19.584591
589	1	0.000000	0.033312	0.000000	-19.617903
590	1	0.000000	0.033342	0.000000	-19.651245
591	1	0.000000	0.033336	0.000000	-19.684581
592	1	0.000000	0.033328	0.000000	-19.717909
593	1	0.000000	0.033320	0.000000	-19.751229
594	1	0.000000	0.033347	0.000000	-19.784576
595	1	0.000000	0.033336	0.000000	-19.817912
596	1	0.000000	0.033336	0.000000	-19.851248
597	1	0.000000	0.033335	0.000000	-19.884583
598	1	0.000000	0.033323	0.000000	-19.917906
599	1	0.000000	0.033330	0.000000	-19.951236
600	1	0.000000	0.033424	0.000000	-19.984660
601	1	0.000000	0.033247	0.000000	-20.017907
602	1	0.000000	0.033338	0.000000	-20.051245
603	1	0.000000	0.033334	0.000000	-20.084579
604	1	0.000000	0.033331	0.000000	-20.117910
605	1	0.000000	0.033324	0.000000	-20.151234
606	1	0.000000	0.033349	0.000000	-20.184583
607	1	0.000000	0.033324	0.000000	-20.217907
608	1	0.000000	0.033327	0.000000	-20.251234
609	1	0.000000	0.033336	0.000000	-20.284570
610	1	0.000000	0.033334	0.000000	-20.317904
611	1	0.000000	0.033339	0.000000	-20.351243
612	1	0.000000	0.033339	0.000000	-20.384582
613	1	0.000000	0.033325	0.000000	-20.417907
614	1	0.000000	0.033341	0.000000	-20.451248
615	1	0.000000	0.033328	0.000000	-20.484576
616	1	0.000000	0.033333	0.000000	-20.517909
617	1	0.000000	0.033331	0.000000	-20.551240
618	1	0.000000	0.033334	0.000000	-20.584574
619	1	0.000000	0.033353	0.000000	-20.617927
620	1	0.000000	0.033308	0.000000	-20.651235
621	1	0.000000	0.033345	0.000000	-20.684580
622	1	0.000000	0.033328	0.000000	-20.717908
623	1	0.000000	0.033332	0.000000	-20.751240
624	1	0.000000	0.033339	0.000000	-20.784579
625	1	0.000000	0.033322	0.000000	-20.817901
626	1	0.000000	0.033342	0.000000	-20.851243
627	1	0.000000	0.033384	0.000000	-20.884627
628	1	0.000000	0.033281	0.000000	-20.917908
629	1	0.000000	0.033335	0.000000	-20.951243
630	1	0.000000	0.033410	0.000000	-20.984653
631	1	0.000000	0.033250	0.000000	-21.017903
632	1	0.000000	0.033347	0.000000	-21.051250
633	1	0.000000	0.033327	0.000000	-21.084577
634	1	0.000000	0.033328	0.000000	-21.117905
635	1	0.000000	0.033358	0.000000	-21.151263
636	1	0.000000	0.033315	0.000000	-21.184578
637	1	0.000000	0.033337	0.000000	-21.217915
638	1	0.000000	0.033320	0.000000	-21.251235
639	1	0.000000	0.033336	0.000000	-21.284571
640	1	0.000000	0.033330	0.000000	-21.317901
641	1	0.000000	0.033338	0.000000	-21.351239
642	1	0.000000	0.033344	0.000000	-21.384583
643	1	0.000000	0.033332	0.000000	-21.417915
644	1	0.000000	0.033326	0.000000	-21.451241
645	1	0.000000	0.033335	0.000000	-21.484576
646	1	0.000000	0.033331	0.000000	-21.517907
647	1	0.000000	0.033361	0.000000	-21.551268
648	1	0.000000	0.033306	0.000000	-21.584574
649	1	0.000000	0.033344	0.000000	-21.617918
650	1	0.000000	0.033321	0.000000	-21.651239
651	1	0.000000	0.033332	0.000000	-21.684571
652	1	0.000000	0.033331	0.000000	-21.717902
653	1	0.000000	0.033336	0.000000	-21.751238
654	1	0.000000	0.033350	0.000000	-21.784588
655	1	0.000000	0.033311	0.000000	-21.817899
656	1	0.000000	0.033343	0.000000	-21.851242
657	1	0.000000	0.033399	0.000000	-21.884641
658	1	0.000000	0.033276	0.000000	-21.917917
659	1	0.000000	0.033323	0.000000	-21.951240
660	1	0.000000	0.033490	0.000000	-21.984730
661	1	0.000000	0.033168	0.000000	-22.017898
662	1	0.000000	0.033333	0.000000	-22.051231
663	1	0.000000	0.033341	0.000000	-22.084572
664	1	0.000000	0.033377	0.000000	-22.117949
665	1	0.000000	0.033301	0.000000	-22.151250
666	1	0.000000	0.033321	0.000000	-22.184571
667	1	0.000000	0.033339	0.000000	-22.217910
668	1	0.000000	0.033336	0.000000	-22.251246
669	1	0.000000	0.033334	0.000000	-22.284580
670	1	0.000000	0.033326	0.000000	-22.317906
671	1	0.000000	0.033337	0.000000	-22.351243
672	1	0.000000	0.033339	0.000000	-22.384582
673	1	0.000000	0.033333	0.000000	-22.417915
674	1	0.000000	0.033333	0.000000	-22.451248
675	1	0.000000	0.033325	0.000000	-22.484573
676	1	0.000000	0.033340	0.000000	-22.517913
677	1	0.000000	0.033323	0.000000	-22.551236
678	1	0.000000	0.033337	0.000000	-22.584573
679	1	0.000000	0.033342	0.000000	-22.617915
680	1	0.000000	0.033327	0.000000	-22.651242
681	1	0.000000	0.033334	0.000000	-22.684576
682	1	0.000000	0.033335	0.000000	-22.717911
683	1	0.000000	0.033326	0.000000	-22.751237
684	1	0.000000	0.033351	0.000000	-22.784588
685	1	0.000000	0.033315	0.000000	-22.817903
686	1	0.000000	0.033344	0.000000	-22.851247
687	1	0.000000	0.033330	0.000000	-22.884577
688	1	0.000000	0.033322	0.000000	-22.917899
689	1	0.000000	0.033351	0.000000	-22.951250
690	1	0.000000	0.033407	0.000000	-22.984657
691	1	0.000000	0.033254	0.000000	-23.017911
692	1	0.000000	0.033327	0.000000	-23.051238
693	1	0.000000	0.033330	0.000000	-23.084568
694	1	0.000000	0.033348	0.000000	-23.117916
695	1	0.000000	0.033323	0.000000	-23.151239
696	1	0.000000	0.033328	0.000000	-23.184567
697	1	0.000000	0.033345	0.000000	-23.217912
698	1	0.000000	0.033323	0.000000	-23.251235
699	1	0.000000	0.033368	0.000000	-23.284603
700	1	0.000000	0.033307	0.000000	-23.317910
701	1	0.000000	0.033329	0.000000	-23.351239
702	1	0.000000	0.033341	0.000000	-23.384580
703	1	0.000000	0.033336	0.000000	-23.417916
704	1	0.000000	0.033327	0.000000	-23.451243
705	1	0.000000	0.033341	0.000000	-23.484584
706	1	0.000000	0.033331	0.000000	-23.517915
707	1	0.000000	0.033322	0.000000	-23.551237
708	1	0.000000	0.033337	0.000000	-23.584574
709	1	0.000000	0.033330	0.000000	-23.617904
710	1	0.000000	0.033345	0.000000	-23.651249
711	1	0.000000	0.033328	0.000000	-23.684577
712	1	0.000000	0.033327	0.000000	-23.717904
713	1	0.000000	0.033333	0.000000	-23.751237
714	1	0.000000	0.033342	0.000000	-23.784579
715	1	0.000000	0.033324	0.000000	-23.817903
716	1	0.000000	0.033335	0.000000	-23.851238
717	1	0.000000	0.033360	0.000000	-23.884598
718	1	0.000000	0.033305	0.000000	-23.917903
719	1	0.000000	0.033338	0.000000	-23.951241
720	1	0.000000	0.033462	0.000000	-23.984703
721	1	0.000000	0.033203	0.000000	-24.017906
722	1	0.000000	0.033331	0.000000	-24.051237
723	1	0.000000	0.033334	0.000000	-24.084571
724	1	0.000000	0.033330	0.000000	-24.117901
725	1	0.000000	0.033342	0.000000	-24.151243
726	1	0.000000	0.033330	0.000000	-24.184573
727	1	0.000000	0.033332	0.000000	-24.217905
728	1	0.000000	0.033338	0.000000	-24.251243
729	1	0.000000	0.033335	0.000000	-24.284578
730	1	0.000000	0.033336	0.000000	-24.317914
731	1	0.000000	0.033330	0.000000	-24.351244
732	1	0.000000	0.033349	0.000000	-24.384593
733	1	0.000000	0.033316	0.000000	-24.417909
734	1	0.000000	0.033331	0.000000	-24.451240
735	1	0.000000	0.033341	0.000000	-24.484581
736	1	0.000000	0.033329	0.000000	-24.517910
737	1	0.000000	0.033333	0.000000	-24.551243
738	1	0.000000	0.033333	0.000000	-24.584576
739	1	0.000000	0.033338	0.000000	-24.617914
740	1	0.000000	0.033326	0.000000	-24.651240
741	1	0.000000	0.033337	0.000000	-24.684577
742	1	0.000000	0.033332	0.000000	-24.717909
743	1	0.000000	0.033333	0.000000	-24.751242
744	1	0.000000	0.033341	0.000000	-24.784583
745	1	0.000000	0.033314	0.000000	-24.817897
746	1	0.000000	0.033352	0.000000	-24.851249
747	1	0.000000	0.033324	0.000000	-24.884573
748	1	0.000000	0.033372	0.000000	-24.917945
749	1	0.000000	0.033295	0.000000	-24.951240
750	1	0.000000	0.033443	0.000000	-24.984683
751	1	0.000000	0.033224	0.000000	-25.017907
752	1	0.000000	0.033338	0.000000	-25.051245
753	1	0.000000	0.033344	0.000000	-25.084589
754	1	0.000000	0.033318	0.000000	-25.117907
755	1	0.000000	0.033339	0.000000	-25.151246
756	1	0.000000	0.033327	0.000000	-25.184573
757	1	0.000000	0.033339	0.000000	-25.217912
758	1	0.000000	0.033326	0.000000	-25.251238
759	1	0.000000	0.033344	0.000000	-25.284582
760	1	0.000000	0.033325	0.000000	-25.317907
761	1	0.000000	0.033336	0.000000	-25.351243
762	1	0.000000	0.033332	0.000000	-25.384575
763	1	0.000000	0.033332	0.000000	-25.417907
764	1	0.000000	0.033338	0.000000	-25.451245
765	1	0.000000	0.033329	0.000000	-25.484574
766	1	0.000000	0.033337	0.000000	-25.517911
767	1	0.000000	0.033333	0.000000	-25.551244
768	1	0.000000	0.033330	0.000000	-25.584574
769	1	0.000000	0.033338	0.000000	-25.617912
770	1	0.000000	0.033329	0.000000	-25.651241
771	1	0.000000	0.033330	0.000000	-25.684571
772	1	0.000000	0.033346	0.000000	-25.717917
773	1	0.000000	0.033333	0.000000	-25.751250
774	1	0.000000	0.033325	0.000000	-25.784575
775	1	0.000000	0.033345	0.000000	-25.817920
776	1	0.000000	0.033318	0.000000	-25.851238
777	1	0.000000	0.033345	0.000000	-25.884583
778	1	0.000000	0.033321	0.000000	-25.917904
779	1	0.000000	0.033337	0.000000	-25.951241
780	1	0.000000	0.033426	0.000000	-25.984667
781	1	0.000000	0.033244	0.000000	-26.017911
782	1	0.000000	0.033336	0.000000	-26.051247
783	1	0.000000	0.033326	0.000000	-26.084573
784	1	0.000000	0.033339	0.000000	-26.117912
785	1	0.000000	0.033331	0.000000	-26.151243
786	1	0.000000	0.033333	0.000000	-26.184576
787	1	0.000000	0.033331	0.000000	-26.217907
788	1	0.000000	0.033333	0.000000	-26.251240
789	1	0.000000	0.033341	0.000000	-26.284581
790	1	0.000000	0.033331	0.000000	-26.317912
791	1	0.000000	0.033330	0.000000	-26.351242
792	1	0.000000	0.033339	0.000000	-26.384581
793	1	0.000000	0.033326	0.000000	-26.417907
794	1	0.000000	0.033332	0.000000	-26.451239
795	1	0.000000	0.033340	0.000000	-26.484579
796	1	0.000000	0.033332	0.000000	-26.517911
797	1	0.000000	0.033328	0.000000	-26.551239
798	1	0.000000	0.033336	0.000000	-26.584575
799	1	0.000000	0.033335	0.000000	-26.617910
800	1	0.000000	0.033336	0.000000	-26.651246
801	1	0.000000	0.033346	0.000000	-26.684592
802	1	0.000000	0.033309	0.000000	-26.717901
803	1	0.000000	0.033356	0.000000	-26.751257
804	1	0.000000	0.033316	0.000000	-26.784573
805	1	0.000000	0.033334	0.000000	-26.817907
806	1	0.000000	0.033333	0.000000	-26.851240
807	1	0.000000	0.033331	0.000000	-26.884571
808	1	0.000000	0.033338	0.000000	-26.917909
809	1	0.000000	0.033330	0.000000	-26.951239
810	1	0.000000	0.033427	0.000000	-26.984666
811	1	0.000000	0.033240	0.000000	-27.017906
812	1	0.000000	0.033334	0.000000	-27.051240
813	1	0.000000	0.033332	0.000000	-27.084572
814	1	0.000000	0.033341	0.000000	-27.117913
815	1	0.000000	0.033328	0.000000	-27.151241
816	1	0.000000	0.033332	0.000000	-27.184573
817	1	0.000000	0.033339	0.000000	-27.217912
818	1	0.000000	0.033330	0.000000	-27.251242
819	1	0.000000	0.033335	0.000000	-27.284577
820	1	0.000000	0.033330	0.000000	-27.317907
821	1	0.000000	0.033337	0.000000	-27.351244
822	1	0.000000	0.033330	0.000000	-27.384574
823	1	0.000000	0.033332	0.000000	-27.417906
824	1	0.000000	0.033335	0.000000	-27.451241
825	1	0.000000	0.033333	0.000000	-27.484574
826	1	0.000000	0.033332	0.000000	-27.517906
827	1	0.000000	0.033335	0.000000	-27.551241
828	1	0.000000	0.033349	0.000000	-27.584590
829	1	0.000000	0.033316	0.000000	-27.617906
830	1	0.000000	0.033336	0.000000	-27.651242
831	1	0.000000	0.033333	0.000000	-27.684575
832	1	0.000000	0.033334	0.000000	-27.717909
833	1	0.000000	0.033335	0.000000	-27.751244
834	1	0.000000	0.033330	0.000000	-27.784574
835	1	0.000000	0.033334	0.000000	-27.817908
836	1	0.000000	0.033341	0.000000	-27.851249
837	1	0.000000	0.033327	0.000000	-27.884576
838	1	0.000000	0.033333	0.000000	-27.917909
839	1	0.000000	0.033330	0.000000	-27.951239
840	1	0.000000	0.033439	0.000000	-27.984678
841	1	0.000000	0.033228	0.000000	-28.017906
842	1	0.000000	0.033326	0.000000	-28.051232
843	1	0.000000	0.033340	0.000000	-28.084572
844	1	0.000000	0.033331	0.000000	-28.117903
845	1	0.000000	0.033341	0.000000	-28.151244
846	1	0.000000	0.033331	0.000000	-28.184575
847	1	0.000000	0.033334	0.000000	-28.217909
848	1	0.000000	0.033331	0.000000	-28.251240
849	1	0.000000	0.033332	0.000000	-28.284572
850	1	0.000000	0.033337	0.000000	-28.317909
851	1	0.000000	0.033331	0.000000	-28.351240
852	1	0.000000	0.033335	0.000000	-28.384575
853	1	0.000000	0.033341	0.000000	-28.417916
854	1	0.000000	0.033363	0.000000	-28.451279
855	1	0.000000	0.033294	0.000000	-28.484573
856	1	0.000000	0.033334	0.000000	-28.517907
857	1	0.000000	0.033332	0.000000	-28.551239
858	1	0.000000	0.033327	0.000000	-28.584566
859	1	0.000000	0.033341	0.000000	-28.617907
860	1	0.000000	0.033336	0.000000	-28.651243
861	1	0.000000	0.033330	0.000000	-28.684573
862	1	0.000000	0.033329	0.000000	-28.717902
863	1	0.000000	0.033346	0.000000	-28.751248
864	1	0.000000	0.033325	0.000000	-28.784573
865	1	0.000000	0.033332	0.000000	-28.817905
866	1	0.000000	0.033337	0.000000	-28.851242
867	1	0.000000	0.033340	0.000000	-28.884582
868	1	0.000000	0.033325	0.000000	-28.917907
869	1	0.000000	0.033335	0.000000	-28.951242
870	1	0.000000	0.033435	0.000000	-28.984677
871	1	0.000000	0.033231	0.000000	-29.017908
872	1	0.000000	0.033331	0.000000	-29.051239
873	1	0.000000	0.033332	0.000000	-29.084571
874	1	0.000000	0.033336	0.000000	-29.117907
875	1	0.000000	0.033333	0.000000	-29.151240
876	1	0.000000	0.033336	0.000000	-29.184576
877	1	0.000000	0.033338	0.000000	-29.217914
878	1	0.000000	0.033320	0.000000	-29.251234
879	1	0.000000	0.033345	0.000000	-29.284579
880	1	0.000000	0.033332	0.000000	-29.317911
881	1	0.000000	0.033330	0.000000	-29.351241
882	1	0.000000	0.033334	0.000000	-29.384575
883	1	0.000000	0.033329	0.000000	-29.417904
884	1	0.000000	0.033339	0.000000	-29.451243
885	1	0.000000	0.033328	0.000000	-29.484571
886	1	0.000000	0.033342	0.000000	-29.517913
887	1	0.000000	0.033327	0.000000	-29.551240
888	1	0.000000	0.033336	0.000000	-29.584576
889	1	0.000000	0.033328	0.000000	-29.617904
890	1	0.000000	0.033336	0.000000	-29.651240
891	1	0.000000	0.033335	0.000000	-29.684575
892	1	0.000000	0.033331	0.000000	-29.717906
893	1	0.000000	0.033332	0.000000	-29.751238
894	1	0.000000	0.033337	0.000000	-29.784575
895	1	0.000000	0.033339	0.000000	-29.817914
896	1	0.000000	0.033324	0.000000	-29.851238
897	1	0.000000	0.033336	0.000000	-29.884574
898	1	0.000000	0.033334	0.000000	-29.917908
899	1	0.000000	0.033333	0.000000	-29.951241
900	1	0.000000	0.033466	0.000000	-29.984707
901	1	0.000000	0.033201	0.000000	-30.017908
902	1	0.000000	0.033334	0.000000	-30.051242
903	1	0.000000	0.033333	0.000000	-30.084575
904	1	0.000000	0.033324	0.000000	-30.117899
905	1	0.000000	0.033350	0.000000	-30.151249
906	1	0.000000	0.033330	0.000000	-30.184579
907	1	0.000000	0.033330	0.000000	-30.217909
908	1	0.000000	0.033332	0.000000	-30.251241
909	1	0.000000	0.033342	0.000000	-30.284583
910	1	0.000000	0.033324	0.000000	-30.317907
911	1	0.000000	0.033338	0.000000	-30.351245
912	1	0.000000	0.033353	0.000000	-30.384598
913	1	0.000000	0.033313	0.000000	-30.417911
914	1	0.000000	0.033330	0.000000	-30.451241
915	1	0.000000	0.033330	0.000000	-30.484571
916	1	0.000000	0.033334	0.000000	-30.517905
917	1	0.000000	0.033336	0.000000	-30.551241
918	1	0.000000	0.033332	0.000000	-30.584573
919	1	0.000000	0.033334	0.000000	-30.617907
920	1	0.000000	0.033341	0.000000	-30.651248
921	1	0.000000	0.033338	0.000000	-30.684586
922	1	0.000000	0.033329	0.000000	-30.717915
923	1	0.000000	0.033325	0.000000	-30.751240
924	1	0.000000	0.033335	0.000000	-30.784575
925	1	0.000000	0.033333	0.000000	-30.817908
926	1	0.000000	0.033330	0.000000	-30.851238
927	1	0.000000	0.033337	0.000000	-30.884575
928	1	0.000000	0.033332	0.000000	-30.917907
929	1	0.000000	0.033334	0.000000	-30.951241
930	1	0.000000	0.033428	0.000000	-30.984669
931	1	0.000000	0.033239	0.000000	-31.017908
932	1	0.000000	0.033332	0.000000	-31.051240
933	1	0.000000	0.033338	0.000000	-31.084578
934	1	0.000000	0.033327	0.000000	-31.117905
935	1	0.000000	0.033341	0.000000	-31.151246
936	1	0.000000	0.033343	0.000000	-31.184589
937	1	0.000000	0.033326	0.000000	-31.217915
938	1	0.000000	0.033328	0.000000	-31.251243
939	1	0.000000	0.033337	0.000000	-31.284580
940	1	0.000000	0.033327	0.000000	-31.317907
941	1	0.000000	0.033335	0.000000	-31.351242
942	1	0.000000	0.033344	0.000000	-31.384586
943	1	0.000000	0.033321	0.000000	-31.417907
944	1	0.000000	0.033340	0.000000	-31.451247
945	1	0.000000	0.033328	0.000000	-31.484575
946	1	0.000000	0.033324	0.000000	-31.517899
947	1	0.000000	0.033350	0.000000	-31.551249
948	1	0.000000	0.033326	0.000000	-31.584575
949	1	0.000000	0.033337	0.000000	-31.617912
950	1	0.000000	0.033361	0.000000	-31.651273
951	1	0.000000	0.033309	0.000000	-31.684582
952	1	0.000000	0.033332	0.000000	-31.717914
953	1	0.000000	0.033326	0.000000	-31.751240
954	1	0.000000	0.033343	0.000000	-31.784583
955	1	0.000000	0.033343	0.000000	-31.817926
956	1	0.000000	0.033320	0.000000	-31.851246
957	1	0.000000	0.033328	0.000000	-31.884574
958	1	0.000000	0.033339	0.000000	-31.917913
959	1	0.000000	0.033326	0.000000	-31.951239
960	1	0.000000	0.033453	0.000000	-31.984692
961	1	0.000000	0.033221	0.000000	-32.017913
962	1	0.000000	0.033363	0.000000	-32.051276
963	1	0.000000	0.033305	0.000000	-32.084581
964	1	0.000000	0.033330	0.000000	-32.117911
965	1	0.000000	0.033335	0.000000	-32.151246
966	1	0.000000	0.033329	0.000000	-32.184575
967	1	0.000000	0.033328	0.000000	-32.217903
968	1	0.000000	0.033338	0.000000	-32.251241
969	1	0.000000	0.033344	0.000000	-32.284585
970	1	0.000000	0.033322	0.000000	-32.317907
971	1	0.000000	0.033333	0.000000	-32.351240
972	1	0.000000	0.033364	0.000000	-32.384604
973	1	0.000000	0.033307	0.000000	-32.417911
974	1	0.000000	0.033332	0.000000	-32.451243
975	1	0.000000	0.033322	0.000000	-32.484565
976	1	0.000000	0.033348	0.000000	-32.517913
977	1	0.000000	0.033332	0.000000	-32.551245
978	1	0.000000	0.033325	0.000000	-32.584570
979	1	0.000000	0.033345	0.000000	-32.617915
980	1	0.000000	0.033314	0.000000	-32.651229
981	1	0.000000	0.033352	0.000000	-32.684581
982	1	0.000000	0.033325	0.000000	-32.717906
983	1	0.000000	0.033337	0.000000	-32.751243
984	1	0.000000	0.033328	0.000000	-32.784571
985	1	0.000000	0.033345	0.000000	-32.817916
986	1	0.000000	0.033328	0.000000	-32.851244
987	1	0.000000	0.033336	0.000000	-32.884580
988	1	0.000000	0.033330	0.000000	-32.917910
989	1	0.000000	0.033331	0.000000	-32.951241
990	1	0.000000	0.033413	0.000000	-32.984654
991	1	0.000000	0.033252	0.000000	-33.017906
992	1	0.000000	0.033333	0.000000	-33.051239
993	1	0.000000	0.033336	0.000000	-33.084575
994	1	0.000000	0.033345	0.000000	-33.117920
995	1	0.000000	0.033343	0.000000	-33.151263
996	1	0.000000	0.033310	0.000000	-33.184573
997	1	0.000000	0.033354	0.000000	-33.217927
998	1	0.000000	0.033314	0.000000	-33.251241
999	1	0.000000	0.033333	0.000000	-33.284574
1000	1	0.000000	0.033333	0.000000	-33.317907
1001	1	0.000000	0.033342	0.000000	-33.351249
1002	1	0.000000	0.033330	0.000000	-33.384579
1003	1	0.000000	0.033322	0.000000	-33.417901
1004	1	0.000000	0.033341	0.000000	-33.451242
1005	1	0.000000	0.033325	0.000000	-33.484567
1006	1	0.000000	0.033340	0.000000	-33.517907
1007	1	0.000000	0.033338	0.000000	-33.551245
1008	1	0.000000	0.033328	0.000000	-33.584573
1009	1	0.000000	0.033343	0.000000	-33.617916
1010	1	0.000000	0.033324	0.000000	-33.651240
1011	1	0.000000	0.033340	0.000000	-33.684580
1012	1	0.000000	0.033341	0.000000	-33.717921
1013	1	0.000000	0.033323	0.000000	-33.751244
1014	1	0.000000	0.033353	0.000000	-33.784597
1015	1	0.000000	0.033315	0.000000	-33.817912
1016	1	0.000000	0.033328	0.000000	-33.851240
1017	1	0.000000	0.033358	0.000000	-33.884598
1018	1	0.000000	0.033308	0.000000	-33.917906
1019	1	0.000000	0.033340	0.000000	-33.951246
1020	1	0.000000	0.033426	0.000000	-33.984672
1021	1	0.000000	0.033237	0.000000	-34.017909
1022	1	0.000000	0.033330	0.000000	-34.051239
1023	1	0.000000	0.033329	0.000000	-34.084568
1024	1	0.000000	0.033367	0.000000	-34.117935
1025	1	0.000000	0.033331	0.000000	-34.151266
1026	1	0.000000	0.033344	0.000000	-34.184610
1027	1	0.000000	0.033307	0.000000	-34.217917
1028	1	0.000000	0.033348	0.000000	-34.251265
1029	1	0.000000	0.033313	0.000000	-34.284578
1030	1	0.000000	0.033343	0.000000	-34.317921
1031	1	0.000000	0.033327	0.000000	-34.351248
1032	1	0.000000	0.033332	0.000000	-34.384580
1033	1	0.000000	0.033346	0.000000	-34.417926
1034	1	0.000000	0.033316	0.000000	-34.451242
1035	1	0.000000	0.033331	0.000000	-34.484573
1036	1	0.000000	0.033340	0.000000	-34.517913
1037	1	0.000000	0.033334	0.000000	-34.551247
1038	1	0.000000	0.033324	0.000000	-34.584571
1039	1	0.000000	0.033333	0.000000	-34.617904
1040	1	0.000000	0.033347	0.000000	-34.651251
1041	1	0.000000	0.033331	0.000000	-34.684582
1042	1	0.000000	0.033332	0.000000	-34.717914
1043	1	0.000000	0.033335	0.000000	-34.751249
1044	1	0.000000	0.033330	0.000000	-34.784579
1045	1	0.000000	0.033325	0.000000	-34.817904
1046	1	0.000000	0.033361	0.000000	-34.851265
1047	1	0.000000	0.033319	0.000000	-34.884584
1048	1	0.000000	0.033344	0.000000	-34.917928
1049	1	0.000000	0.033315	0.000000	-34.951243
1050	1	0.000000	0.033409	0.000000	-34.984652
1051	1	0.000000	0.033260	0.000000	-35.017912
1052	1	0.000000	0.033343	0.000000	-35.051255
1053	1	0.000000	0.033318	0.000000	-35.084573
1054	1	0.000000	0.033349	0.000000	-35.117922
1055	1	0.000000	0.033318	0.000000	-35.151240
1056	1	0.000000	0.033341	0.000000	-35.184581
1057	1	0.000000	0.033326	0.000000	-35.217907
1058	1	0.000000	0.033329	0.000000	-35.251236
1059	1	0.000000	0.033346	0.000000	-35.284582
1060	1	0.000000	0.033324	0.000000	-35.317906
1061	1	0.000000	0.033338	0.000000	-35.351244
1062	1	0.000000	0.033387	0.000000	-35.384631
1063	1	0.000000	0.033301	0.000000	-35.417932
1064	1	0.000000	0.033305	0.000000	-35.451237
1065	1	0.000000	0.033335	0.000000	-35.484572
1066	1	0.000000	0.033333	0.000000	-35.517905
1067	1	0.000000	0.033341	0.000000	-35.551246
1068	1	0.000000	0.033327	0.000000	-35.584573
1069	1	0.000000	0.033330	0.000000	-35.617903
1070	1	0.000000	0.033331	0.000000	-35.651234
1071	1	0.000000	0.033337	0.000000	-35.684571
1072	1	0.000000	0.033332	0.000000	-35.717903
1073	1	0.000000	0.033331	0.000000	-35.751234
1074	1	0.000000	0.033341	0.000000	-35.784575
1075	1	0.000000	0.033342	0.000000	-35.817917
1076	1	0.000000	0.033327	0.000000	-35.851244
1077	1	0.000000	0.033329	0.000000	-35.884573
1078	1	0.000000	0.033330	0.000000	-35.917903
1079	1	0.000000	0.033334	0.000000	-35.951237
1080	1	0.000000	0.033460	0.000000	-35.984697
1081	1	0.000000	0.033209	0.000000	-36.017906
1082	1	0.000000	0.033330	0.000000	-36.051236
1083	1	0.000000	0.033346	0.000000	-36.084582
1084	1	0.000000	0.033325	0.000000	-36.117907
1085	1	0.000000	0.033341	0.000000	-36.151248
1086	1	0.000000	0.033329	0.000000	-36.184577
1087	1	0.000000	0.033334	0.000000	-36.217911
1088	1	0.000000	0.033323	0.000000	-36.251234
1089	1	0.000000	0.033333	0.000000	-36.284567
1090	1	0.000000	0.033350	0.000000	-36.317917
1091	1	0.000000	0.033324	0.000000	-36.351241
1092	1	0.000000	0.033351	0.000000	-36.384592
1093	1	0.000000	0.033304	0.000000	-36.417896
1094	1	0.000000	0.033343	0.000000	-36.451239
1095	1	0.000000	0.033333	0.000000	-36.484572
1096	1	0.000000	0.033340	0.000000	-36.517912
1097	1	0.000000	0.033327	0.000000	-36.551239
1098	1	0.000000	0.033333	0.000000	-36.584572
1099	1	0.000000	0.033346	0.000000	-36.617918
1100	1	0.000000	0.033328	0.000000	-36.651246
1101	1	0.000000	0.033342	0.000000	-36.684588
1102	1	0.000000	0.033325	0.000000	-36.717913
1103	1	0.000000	0.033320	0.000000	-36.751233
1104	1	0.000000	0.033335	0.000000	-36.784568
1105	1	0.000000	0.033416	0.000000	-36.817984
1106	1	0.000000	0.033257	0.000000	-36.851241
1107	1	0.000000	0.033335	0.000000	-36.884576
1108	1	0.000000	0.033328	0.000000	-36.917904
1109	1	0.000000	0.033345	0.000000	-36.951249
1110	1	0.000000	0.033406	0.000000	-36.984655
1111	1	0.000000	0.033253	0.000000	-37.017908
1112	1	0.000000	0.033334	0.000000	-37.051242
1113	1	0.000000	0.033328	0.000000	-37.084570
1114	1	0.000000	0.033339	0.000000	-37.117909
1115	1	0.000000	0.033328	0.000000	-37.151237
1116	1	0.000000	0.033335	0.000000	-37.184572
1117	1	0.000000	0.033393	0.000000	-37.217965
1118	1	0.000000	0.033281	0.000000	-37.251246
1119	1	0.000000	0.033339	0.000000	-37.284585
1120	1	0.000000	0.033323	0.000000	-37.317908
1121	1	0.000000	0.033328	0.000000	-37.351236
1122	1	0.000000	0.033358	0.000000	-37.384594
1123	1	0.000000	0.033331	0.000000	-37.417925
1124	1	0.000000	0.033314	0.000000	-37.451239
1125	1	0.000000	0.033330	0.000000	-37.484569
1126	1	0.000000	0.033338	0.000000	-37.517907
1127	1	0.000000	0.033332	0.000000	-37.551239
1128	1	0.000000	0.033337	0.000000	-37.584576
1129	1	0.000000	0.033326	0.000000	-37.617902
1130	1	0.000000	0.033355	0.000000	-37.651257
1131	1	0.000000	0.033319	0.000000	-37.684576
1132	1	0.000000	0.033341	0.000000	-37.717917
1133	1	0.000000	0.033335	0.000000	-37.751252
1134	1	0.000000	0.033322	0.000000	-37.784574
1135	1	0.000000	0.033336	0.000000	-37.817910
1136	1	0.000000	0.033329	0.000000	-37.851239
1137	1	0.000000	0.033347	0.000000	-37.884586
1138	1	0.000000	0.033321	0.000000	-37.917907
1139	1	0.000000	0.033343	0.000000	-37.951250
1140	1	0.000000	0.033411	0.000000	-37.984661
1141	1	0.000000	0.033251	0.000000	-38.017912
1142	1	0.000000	0.033333	0.000000	-38.051245
1143	1	0.000000	0.033337	0.000000	-38.084582
1144	1	0.000000	0.033323	0.000000	-38.117905
1145	1	0.000000	0.033329	0.000000	-38.151234
1146	1	0.000000	0.033331	0.000000	-38.184565
1147	1	0.000000	0.033339	0.000000	-38.217904
1148	1	0.000000	0.033345	0.000000	-38.251249
1149	1	0.000000	0.033325	0.000000	-38.284574
1150	1	0.000000	0.033333	0.000000	-38.317907
1151	1	0.000000	0.033335	0.000000	-38.351242
1152	1	0.000000	0.033347	0.000000	-38.384589
1153	1	0.000000	0.033325	0.000000	-38.417914
1154	1	0.000000	0.033330	0.000000	-38.451244
1155	1	0.000000	0.033322	0.000000	-38.484566
1156	1	0.000000	0.033347	0.000000	-38.517913
1157	1	0.000000	0.033327	0.000000	-38.551240
1158	1	0.000000	0.033340	0.000000	-38.584580
1159	1	0.000000	0.033360	0.000000	-38.617940
1160	1	0.000000	0.033300	0.000000	-38.651240
1161	1	0.000000	0.033340	0.000000	-38.684580
1162	1	0.000000	0.033557	0.000000	-38.718137
1163	1	0.000000	0.033115	0.000000	-38.751252
1164	1	0.000000	0.033323	0.000000	-38.784575
1165	1	0.000000	0.033330	0.000000	-38.817905
1166	1	0.000000	0.033343	0.000000	-38.851248
1167	1	0.000000	0.033333	0.000000	-38.884581
1168	1	0.000000	0.033327	0.000000	-38.917908
1169	1	0.000000	0.033340	0.000000	-38.951248
1170	1	0.000000	0.033429	0.000000	-38.984677
1171	1	0.000000	0.033229	0.000000	-39.017906
1172	1	0.000000	0.033339	0.000000	-39.051245
1173	1	0.000000	0.033332	0.000000	-39.084577
1174	1	0.000000	0.033345	0.000000	-39.117922
1175	1	0.000000	0.033320	0.000000	-39.151242
1176	1	0.000000	0.033328	0.000000	-39.184570
1177	1	0.000000	0.033332	0.000000	-39.217902
1178	1	0.000000	0.033339	0.000000	-39.251241
1179	1	0.000000	0.033340	0.000000	-39.284581
1180	1	0.000000	0.033332	0.000000	-39.317913
1181	1	0.000000	0.033340	0.000000	-39.351253
1182	1	0.000000	0.033330	0.000000	-39.384583
1183	1	0.000000	0.033328	0.000000	-39.417911
1184	1	0.000000	0.033333	0.000000	-39.451244
1185	1	0.000000	0.033331	0.000000	-39.484575
1186	1	0.000000	0.033341	0.000000	-39.517916
1187	1	0.000000	0.033324	0.000000	-39.551240
1188	1	0.000000	0.033363	0.000000	-39.584603
1189	1	0.000000	0.033307	0.000000	-39.617910
1190	1	0.000000	0.033330	0.000000	-39.651240
1191	1	0.000000	0.033435	0.000000	-39.684675
1192	1	0.000000	0.033235	0.000000	-39.717910
1193	1	0.000000	0.033329	0.000000	-39.751239
1194	1	0.000000	0.033334	0.000000	-39.784573
1195	1	0.000000	0.033340	0.000000	-39.817913
1196	1	0.000000	0.033329	0.000000	-39.851242
1197	1	0.000000	0.033331	0.000000	-39.884573
1198	1	0.000000	0.033335	0.000000	-39.917908
1199	1	0.000000	0.033341	0.000000	-39.951249
1200	1	0.000000	0.033482	0.000000	-39.984731
1201	1	0.000000	0.033190	0.000000	-40.017921
1202	1	0.000000	0.033318	0.000000	-40.051239
1203	1	0.000000	0.033336	0.000000	-40.084575
1204	1	0.000000	0.033331	0.000000	-40.117906
1205	1	0.000000	0.033341	0.000000	-40.151247
1206	1	0.000000	0.033332	0.000000	-40.184579
1207	1	0.000000	0.033336	0.000000	-40.217915
1208	1	0.000000	0.033336	0.000000	-40.251251
1209	1	0.000000	0.033323	0.000000	-40.284574
1210	1	0.000000	0.033334	0.000000	-40.317908
1211	1	0.000000	0.033333	0.000000	-40.351241
1212	1	0.000000	0.033331	0.000000	-40.384572
1213	1	0.000000	0.033335	0.000000	-40.417907
1214	1	0.000000	0.033333	0.000000	-40.451240
1215	1	0.000000	0.033333	0.000000	-40.484573
1216	1	0.000000	0.033330	0.000000	-40.517903
1217	1	0.000000	0.033338	0.000000	-40.551241
1218	1	0.000000	0.033331	0.000000	-40.584572
1219	1	0.000000	0.033335	0.000000	-40.617907
1220	1	0.000000	0.033331	0.000000	-40.651238
1221	1	0.000000	0.033334	0.000000	-40.684572
1222	1	0.000000	0.033338	0.000000	-40.717910
1223	1	0.000000	0.033332	0.000000	-40.751242
1224	1	0.000000	0.033342	0.000000	-40.784584
1225	1	0.000000	0.033325	0.000000	-40.817909
1226	1	0.000000	0.033341	0.000000	-40.851250
1227	1	0.000000	0.033346	0.000000	-40.884596
1228	1	0.000000	0.033312	0.000000	-40.917908
1229	1	0.000000	0.033334	0.000000	-40.951242
1230	1	0.000000	0.033429	0.000000	-40.984671
1231	1	0.000000	0.033237	0.000000	-41.017908
1232	1	0.000000	0.033335	0.000000	-41.051243
1233	1	0.000000	0.033331	0.000000	-41.084574
1234	1	0.000000	0.033334	0.000000	-41.117908
1235	1	0.000000	0.033340	0.000000	-41.151248
1236	1	0.000000	0.033328	0.000000	-41.184576
1237	1	0.000000	0.033338	0.000000	-41.217914
1238	1	0.000000	0.033327	0.000000	-41.251241
1239	1	0.000000	0.033339	0.000000	-41.284580
1240	1	0.000000	0.033332	0.000000	-41.317912
1241	1	0.000000	0.033330	0.000000	-41.351242
1242	1	0.000000	0.033339	0.000000	-41.384581
1243	1	0.000000	0.033337	0.000000	-41.417918
1244	1	0.000000	0.033331	0.000000	-41.451249
1245	1	0.000000	0.033327	0.000000	-41.484576
1246	1	0.000000	0.033334	0.000000	-41.517910
1247	1	0.000000	0.033330	0.000000	-41.551240
1248	1	0.000000	0.033333	0.000000	-41.584573
1249	1	0.000000	0.033335	0.000000	-41.617908
1250	1	0.000000	0.033330	0.000000	-41.651238
1251	1	0.000000	0.033337	0.000000	-41.684575
1252	1	0.000000	0.033333	0.000000	-41.717908
1253	1	0.000000	0.033331	0.000000	-41.751239
1254	1	0.000000	0.033340	0.000000	-41.784579
1255	1	0.000000	0.033323	0.000000	-41.817902
1256	1	0.000000	0.033341	0.000000	-41.851243
1257	1	0.000000	0.033330	0.000000	-41.884573
1258	1	0.000000	0.033332	0.000000	-41.917905
1259	1	0.000000	0.033339	0.000000	-41.951244
1260	1	0.000000	0.033429	0.000000	-41.984673
1261	1	0.000000	0.033234	0.000000	-42.017907
1262	1	0.000000	0.033341	0.000000	-42.051248
1263	1	0.000000	0.033332	0.000000	-42.084580
1264	1	0.000000	0.033329	0.000000	-42.117909
1265	1	0.000000	0.033336	0.000000	-42.151245
1266	1	0.000000	0.033336	0.000000	-42.184581
1267	1	0.000000	0.033325	0.000000	-42.217906
1268	1	0.000000	0.033340	0.000000	-42.251246
1269	1	0.000000	0.033324	0.000000	-42.284570
1270	1	0.000000	0.033336	0.000000	-42.317906
1271	1	0.000000	0.033335	0.000000	-42.351241
1272	1	0.000000	0.033334	0.000000	-42.384575
1273	1	0.000000	0.033332	0.000000	-42.417907
1274	1	0.000000	0.033337	0.000000	-42.451244
1275	1	0.000000	0.033325	0.000000	-42.484569
1276	1	0.000000	0.033338	0.000000	-42.517907
1277	1	0.000000	0.033334	0.000000	-42.551241
1278	1	0.000000	0.033330	0.000000	-42.584571
1279	1	0.000000	0.033330	0.000000	-42.617901
1280	1	0.000000	0.033342	0.000000	-42.651243
1281	1	0.000000	0.033331	0.000000	-42.684574
1282	1	0.000000	0.033332	0.000000	-42.717906
1283	1	0.000000	0.033328	0.000000	-42.751234
1284	1	0.000000	0.033336	0.000000	-42.784570
1285	1	0.000000	0.033343	0.000000	-42.817913
1286	1	0.000000	0.033329	0.000000	-42.851242
1287	1	0.000000	0.033332	0.000000	-42.884574
1288	1	0.000000	0.033333	0.000000	-42.917907
1289	1	0.000000	0.033337	0.000000	-42.951244
1290	1	0.000000	0.033427	0.000000	-42.984671
1291	1	0.000000	0.033235	0.000000	-43.017906
1292	1	0.000000	0.033332	0.000000	-43.051238
1293	1	0.000000	0.033341	0.000000	-43.084579
1294	1	0.000000	0.033326	0.000000	-43.117905
1295	1	0.000000	0.033339	0.000000	-43.151244
1296	1	0.000000	0.033329	0.000000	-43.184573
1297	1	0.000000	0.033348	0.000000	-43.217921
1298	1	0.000000	0.033320	0.000000	-43.251241
1299	1	0.000000	0.033347	0.000000	-43.284588
1300	1	0.000000	0.033319	0.000000	-43.317907
1301	1	0.000000	0.033333	0.000000	-43.351240
1302	1	0.000000	0.033335	0.000000	-43.384575
1303	1	0.000000	0.033338	0.000000	-43.417913
1304	1	0.000000	0.033330	0.000000	-43.451243
1305	1	0.000000	0.033333	0.000000	-43.484576
1306	1	0.000000	0.033336	0.000000	-43.517912
1307	1	0.000000	0.033328	0.000000	-43.551240
1308	1	0.000000	0.033364	0.000000	-43.584604
1309	1	0.000000	0.033308	0.000000	-43.617912
1310	1	0.000000	0.033329	0.000000	-43.651241
1311	1	0.000000	0.033334	0.000000	-43.684575
1312	1	0.000000	0.033336	0.000000	-43.717911
1313	1	0.000000	0.033330	0.000000	-43.751241
1314	1	0.000000	0.033333	0.000000	-43.784574
1315	1	0.000000	0.033334	0.000000	-43.817908
1316	1	0.000000	0.033337	0.000000	-43.851245
1317	1	0.000000	0.033328	0.000000	-43.884573
1318	1	0.000000	0.033336	0.000000	-43.917909
1319	1	0.000000	0.033332	0.000000	-43.951241
1320	1	0.000000	0.033424	0.000000	-43.984665
1321	1	0.000000	0.033244	0.000000	-44.017909
1322	1	0.000000	0.033330	0.000000	-44.051239
1323	1	0.000000	0.033333	0.000000	-44.084572
1324	1	0.000000	0.033334	0.000000	-44.117906
1325	1	0.000000	0.033337	0.000000	-44.151243
1326	1	0.000000	0.033332	0.000000	-44.184575
1327	1	0.000000	0.033332	0.000000	-44.217907
1328	1	0.000000	0.033339	0.000000	-44.251246
1329	1	0.000000	0.033328	0.000000	-44.284574
1330	1	0.000000	0.033335	0.000000	-44.317909
1331	1	0.000000	0.033337	0.000000	-44.351246
1332	1	0.000000	0.033338	0.000000	-44.384584
1333	1	0.000000	0.033326	0.000000	-44.417910
1334	1	0.000000	0.033328	0.000000	-44.451238
1335	1	0.000000	0.033334	0.000000	-44.484572
1336	1	0.000000	0.033330	0.000000	-44.517902
1337	1	0.000000	0.033341	0.000000	-44.551243
1338	1	0.000000	0.033336	0.000000	-44.584579
1339	1	0.000000	0.033333	0.000000	-44.617912
1340	1	0.000000	0.033336	0.000000	-44.651248
1341	1	0.000000	0.033330	0.000000	-44.684578
1342	1	0.000000	0.033330	0.000000	-44.717908
1343	1	0.000000	0.033332	0.000000	-44.751240
1344	1	0.000000	0.033332	0.000000	-44.784572
1345	1	0.000000	0.033336	0.000000	-44.817908
1346	1	0.000000	0.033334	0.000000	-44.851242
1347	1	0.000000	0.033335	0.000000	-44.884577
1348	1	0.000000	0.033329	0.000000	-44.917906
1349	1	0.000000	0.033336	0.000000	-44.951242
1350	1	0.000000	0.033418	0.000000	-44.984660
1351	1	0.000000	0.033240	0.000000	-45.017900
1352	1	0.000000	0.033341	0.000000	-45.051241
1353	1	0.000000	0.033332	0.000000	-45.084573
1354	1	0.000000	0.033333	0.000000	-45.117906
1355	1	0.000000	0.033332	0.000000	-45.151238
1356	1	0.000000	0.033342	0.000000	-45.184580
1357	1	0.000000	0.033334	0.000000	-45.217914
1358	1	0.000000	0.033325	0.000000	-45.251239
1359	1	0.000000	0.033335	0.000000	-45.284574
1360	1	0.000000	0.033330	0.000000	-45.317904
1361	1	0.000000	0.033374	0.000000	-45.351278
1362	1	0.000000	0.033294	0.000000	-45.384572
1363	1	0.000000	0.033336	0.000000	-45.417908
1364	1	0.000000	0.033329	0.000000	-45.451237
1365	1	0.000000	0.033332	0.000000	-45.484569
1366	1	0.000000	0.033330	0.000000	-45.517899
1367	1	0.000000	0.033343	0.000000	-45.551242
1368	1	0.000000	0.033329	0.000000	-45.584571
1369	1	0.000000	0.033341	0.000000	-45.617912
1370	1	0.000000	0.033325	0.000000	-45.651237
1371	1	0.000000	0.033337	0.000000	-45.684574
1372	1	0.000000	0.033341	0.000000	-45.717915
1373	1	0.000000	0.033317	0.000000	-45.751232
1374	1	0.000000	0.033351	0.000000	-45.784583
1375	1	0.000000	0.033326	0.000000	-45.817909
1376	1	0.000000	0.033336	0.000000	-45.851245
1377	1	0.000000	0.033330	0.000000	-45.884575
1378	1	0.000000	0.033340	0.000000	-45.917915
1379	1	0.000000	0.033331	0.000000	-45.951246
1380	1	0.000000	0.033425	0.000000	-45.984671
1381	1	0.000000	0.033242	0.000000	-46.017913
1382	1	0.000000	0.033325	0.000000	-46.051238
1383	1	0.000000	0.033341	0.000000	-46.084579
1384	1	0.000000	0.033325	0.000000	-46.117904
1385	1	0.000000	0.033341	0.000000	-46.151245
1386	1	0.000000	0.033334	0.000000	-46.184579
1387	1	0.000000	0.033332	0.000000	-46.217911
1388	1	0.000000	0.033356	0.000000	-46.251267
1389	1	0.000000	0.033306	0.000000	-46.284573
1390	1	0.000000	0.033331	0.000000	-46.317904
1391	1	0.000000	0.033336	0.000000	-46.351240
1392	1	0.000000	0.033338	0.000000	-46.384578
1393	1	0.000000	0.033331	0.000000	-46.417909
1394	1	0.000000	0.033334	0.000000	-46.451243
1395	1	0.000000	0.033331	0.000000	-46.484574
1396	1	0.000000	0.033334	0.000000	-46.517908
1397	1	0.000000	0.033337	0.000000	-46.551245
1398	1	0.000000	0.033334	0.000000	-46.584579
1399	1	0.000000	0.033327	0.000000	-46.617906
1400	1	0.000000	0.033330	0.000000	-46.651236
1401	1	0.000000	0.033342	0.000000	-46.684578
1402	1	0.000000	0.033328	0.000000	-46.717906
1403	1	0.000000	0.033330	0.000000	-46.751236
1404	1	0.000000	0.033338	0.000000	-46.784574
1405	1	0.000000	0.033330	0.000000	-46.817904
1406	1	0.000000	0.033341	0.000000	-46.851245
1407	1	0.000000	0.033331	0.000000	-46.884576
1408	1	0.000000	0.033330	0.000000	-46.917906
1409	1	0.000000	0.033341	0.000000	-46.951247
1410	1	0.000000	0.033420	0.000000	-46.984667
1411	1	0.000000	0.033242	0.000000	-47.017909
1412	1	0.000000	0.033327	0.000000	-47.051236
1413	1	0.000000	0.033336	0.000000	-47.084572
1414	1	0.000000	0.033331	0.000000	-47.117903
1415	1	0.000000	0.033332	0.000000	-47.151235
1416	1	0.000000	0.033353	0.000000	-47.184588
1417	1	0.000000	0.033324	0.000000	-47.217912
1418	1	0.000000	0.033329	0.000000	-47.251241
1419	1	0.000000	0.033337	0.000000	-47.284578
1420	1	0.000000	0.033325	0.000000	-47.317903
1421	1	0.000000	0.033340	0.000000	-47.351243
1422	1	0.000000	0.033335	0.000000	-47.384578
1423	1	0.000000	0.033329	0.000000	-47.417907
1424	1	0.000000	0.033327	0.000000	-47.451234
1425	1	0.000000	0.033336	0.000000	-47.484570
1426	1	0.000000	0.033338	0.000000	-47.517908
1427	1	0.000000	0.033332	0.000000	-47.551240
1428	1	0.000000	0.033336	0.000000	-47.584576
1429	1	0.000000	0.033332	0.000000	-47.617908
1430	1	0.000000	0.033339	0.000000	-47.651247
1431	1	0.000000	0.033326	0.000000	-47.684573
1432	1	0.000000	0.033336	0.000000	-47.717909
1433	1	0.000000	0.033319	0.000000	-47.751228
1434	1	0.000000	0.033351	0.000000	-47.784579
1435	1	0.000000	0.033325	0.000000	-47.817904
1436	1	0.000000	0.033336	0.000000	-47.851240
1437	1	0.000000	0.033337	0.000000	-47.884577
1438	1	0.000000	0.033326	0.000000	-47.917903
1439	1	0.000000	0.033341	0.000000	-47.951244
1440	1	0.000000	0.033426	0.000000	-47.984670
1441	1	0.000000	0.033269	0.000000	-48.017939
1442	1	0.000000	0.033296	0.000000	-48.051235
1443	1	0.000000	0.033347	0.000000	-48.084582
1444	1	0.000000	0.033329	0.000000	-48.117911
1445	1	0.000000	0.033327	0.000000	-48.151238
1446	1	0.000000	0.033335	0.000000	-48.184573
1447	1	0.000000	0.033334	0.000000	-48.217907
1448	1	0.000000	0.033334	0.000000	-48.251241
1449	1	0.000000	0.033331	0.000000	-48.284572
1450	1	0.000000	0.033365	0.000000	-48.317937
1451	1	0.000000	0.033308	0.000000	-48.351245
1452	1	0.000000	0.033328	0.000000	-48.384573
1453	1	0.000000	0.033337	0.000000	-48.417910
1454	1	0.000000	0.033329	0.000000	-48.451239
1455	1	0.000000	0.033334	0.000000	-48.484573
1456	1	0.000000	0.033320	0.000000	-48.517893
1457	1	0.000000	0.033345	0.000000	-48.551238
1458	1	0.000000	0.033326	0.000000	-48.584564
1459	1	0.000000	0.033361	0.000000	-48.617925
1460	1	0.000000	0.033314	0.000000	-48.651239
1461	1	0.000000	0.033336	0.000000	-48.684575
1462	1	0.000000	0.033331	0.000000	-48.717906
1463	1	0.000000	0.033341	0.000000	-48.751247
1464	1	0.000000	0.033328	0.000000	-48.784575
1465	1	0.000000	0.033340	0.000000	-48.817915
1466	1	0.000000	0.033326	0.000000	-48.851241
1467	1	0.000000	0.033333	0.000000	-48.884574
1468	1	0.000000	0.033326	0.000000	-48.917900
1469	1	0.000000	0.033340	0.000000	-48.951240
1470	1	0.000000	0.033400	0.000000	-48.984640
1471	1	0.000000	0.033267	0.000000	-49.017907
1472	1	0.000000	0.033333	0.000000	-49.051240
1473	1	0.000000	0.033332	0.000000	-49.084572
1474	1	0.000000	0.033365	0.000000	-49.117937
1475	1	0.000000	0.033303	0.000000	-49.151240
1476	1	0.000000	0.033328	0.000000	-49.184568
1477	1	0.000000	0.033332	0.000000	-49.217900
1478	1	0.000000	0.033340	0.000000	-49.251240
1479	1	0.000000	0.033330	0.000000	-49.284570
1480	1	0.000000	0.033345	0.000000	-49.317915
1481	1	0.000000	0.033329	0.000000	-49.351244
1482	1	0.000000	0.033337	0.000000	-49.384581
1483	1	0.000000	0.033321	0.000000	-49.417902
1484	1	0.000000	0.033338	0.000000	-49.451240
1485	1	0.000000	0.033352	0.000000	-49.484592
1486	1	0.000000	0.033325	0.000000	-49.517917
1487	1	0.000000	0.033319	0.000000	-49.551236
1488	1	0.000000	0.033344	0.000000	-49.584580
1489	1	0.000000	0.033335	0.000000	-49.617915
1490	1	0.000000	0.033328	0.000000	-49.651243
1491	1	0.000000	0.033334	0.000000	-49.684577
1492	1	0.000000	0.033340	0.000000	-49.717917
1493	1	0.000000	0.033334	0.000000	-49.751251
1494	1	0.000000	0.033329	0.000000	-49.784580
1495	1	0.000000	0.033341	0.000000	-49.817921
1496	1	0.000000	0.033323	0.000000	-49.851244
1497	1	0.000000	0.033340	0.000000	-49.884584
1498	1	0.000000	0.033317	0.000000	-49.917901
1499	1	0.000000	0.033348	0.000000	-49.951249
1500	1	0.000000	0.033415	0.000000	-49.984664
1501	1	0.000000	0.033240	0.000000	-50.017904
1502	1	0.000000	0.033333	0.000000	-50.051237
1503	1	0.000000	0.033340	0.000000	-50.084577
1504	1	0.000000	0.033325	0.000000	-50.117902
1505	1	0.000000	0.033345	0.000000	-50.151247
1506	1	0.000000	0.033322	0.000000	-50.184569
1507	1	0.000000	0.033342	0.000000	-50.217911
1508	1	0.000000	0.033334	0.000000	-50.251245
1509	1	0.000000	0.033336	0.000000	-50.284581
1510	1	0.000000	0.033325	0.000000	-50.317906
1511	1	0.000000	0.033344	0.000000	-50.351250
1512	1	0.000000	0.033327	0.000000	-50.384577
1513	1	0.000000	0.033323	0.000000	-50.417900
1514	1	0.000000	0.033335	0.000000	-50.451235
1515	1	0.000000	0.033349	0.000000	-50.484584
1516	1	0.000000	0.033326	0.000000	-50.517910
1517	1	0.000000	0.033329	0.000000	-50.551239
1518	1	0.000000	0.033334	0.000000	-50.584573
1519	1	0.000000	0.033335	0.000000	-50.617908
1520	1	0.000000	0.033341	0.000000	-50.651249
1521	1	0.000000	0.033358	0.000000	-50.684607
1522	1	0.000000	0.033294	0.000000	-50.717901
1523	1	0.000000	0.033345	0.000000	-50.751246
1524	1	0.000000	0.033340	0.000000	-50.784586
1525	1	0.000000	0.033321	0.000000	-50.817907
1526	1	0.000000	0.033379	0.000000	-50.851286
1527	1	0.000000	0.033291	0.000000	-50.884577
1528	1	0.000000	0.033327	0.000000	-50.917904
1529	1	0.000000	0.033343	0.000000	-50.951247
1530	1	0.000000	0.033432	0.000000	-50.984679
1531	1	0.000000	0.033227	0.000000	-51.017906
1532	1	0.000000	0.033344	0.000000	-51.051250
1533	1	0.000000	0.033327	0.000000	-51.084577
1534	1	0.000000	0.033326	0.000000	-51.117903
1535	1	0.000000	0.033333	0.000000	-51.151236
1536	1	0.000000	0.033348	0.000000	-51.184584
1537	1	0.000000	0.033329	0.000000	-51.217913
1538	1	0.000000	0.033326	0.000000	-51.251239
1539	1	0.000000	0.033329	0.000000	-51.284568
1540	1	0.000000	0.033339	0.000000	-51.317907
1541	1	0.000000	0.033374	0.000000	-51.351281
1542	1	0.000000	0.033293	0.000000	-51.384574
1543	1	0.000000	0.033320	0.000000	-51.417894
1544	1	0.000000	0.033345	0.000000	-51.451239
1545	1	0.000000	0.033343	0.000000	-51.484582
1546	1	0.000000	0.033314	0.000000	-51.517896
1547	1	0.000000	0.033334	0.000000	-51.551230
1548	1	0.000000	0.033343	0.000000	-51.584573
1549	1	0.000000	0.033346	0.000000	-51.617919
1550	1	0.000000	0.033334	0.000000	-51.651253
1551	1	0.000000	0.033323	0.000000	-51.684576
1552	1	0.000000	0.033367	0.000000	-51.717943
1553	1	0.000000	0.033296	0.000000	-51.751239
1554	1	0.000000	0.033349	0.000000	-51.784588
1555	1	0.000000	0.033318	0.000000	-51.817906
1556	1	0.000000	0.033333	0.000000	-51.851239
1557	1	0.000000	0.033391	0.000000	-51.884630
1558	1	0.000000	0.033315	0.000000	-51.917945
1559	1	0.000000	0.033291	0.000000	-51.951236
1560	1	0.000000	0.033455	0.000000	-51.984691
1561	1	0.000000	0.033215	0.000000	-52.017906
1562	1	0.000000	0.033338	0.000000	-52.051244
1563	1	0.000000	0.033336	0.000000	-52.084580
1564	1	0.000000	0.033324	0.000000	-52.117904
1565	1	0.000000	0.033336	0.000000	-52.151240
1566	1	0.000000	0.033351	0.000000	-52.184591
1567	1	0.000000	0.033320	0.000000	-52.217911
1568	1	0.000000	0.033343	0.000000	-52.251254
1569	1	0.000000	0.033323	0.000000	-52.284577
1570	1	0.000000	0.033329	0.000000	-52.317906
1571	1	0.000000	0.033333	0.000000	-52.351239
1572	1	0.000000	0.033348	0.000000	-52.384587
1573	1	0.000000	0.033314	0.000000	-52.417901
1574	1	0.000000	0.033333	0.000000	-52.451234
1575	1	0.000000	0.033328	0.000000	-52.484562
1576	1	0.000000	0.033356	0.000000	-52.517918
1577	1	0.000000	0.033315	0.000000	-52.551233
1578	1	0.000000	0.033334	0.000000	-52.584567
1579	1	0.000000	0.033333	0.000000	-52.617900
1580	1	0.000000	0.033349	0.000000	-52.651249
1581	1	0.000000	0.033341	0.000000	-52.684590
1582	1	0.000000	0.033314	0.000000	-52.717904
1583	1	0.000000	0.033329	0.000000	-52.751233
1584	1	0.000000	0.033339	0.000000	-52.784572
1585	1	0.000000	0.033333	0.000000	-52.817905
1586	1	0.000000	0.033338	0.000000	-52.851243
1587	1	0.000000	0.033350	0.000000	-52.884593
1588	1	0.000000	0.033315	0.000000	-52.917908
1589	1	0.000000	0.033329	0.000000	-52.951237
1590	1	0.000000	0.033441	0.000000	-52.984678
1591	1	0.000000	0.033236	0.000000	-53.017914
1592	1	0.000000	0.033324	0.000000	-53.051238
1593	1	0.000000	0.033336	0.000000	-53.084574
1594	1	0.000000	0.033344	0.000000	-53.117918
1595	1	0.000000	0.033329	0.000000	-53.151247
1596	1	0.000000	0.033328	0.000000	-53.184575
1597	1	0.000000	0.033338	0.000000	-53.217913
1598	1	0.000000	0.033342	0.000000	-53.251255
1599	1	0.000000	0.033327	0.000000	-53.284582
1600	1	0.000000	0.033342	0.000000	-53.317924
1601	1	0.000000	0.033335	0.000000	-53.351259
1602	1	0.000000	0.033316	0.000000	-53.384575
1603	1	0.000000	0.033338	0.000000	-53.417913
1604	1	0.000000	0.033322	0.000000	-53.451235
1605	1	0.000000	0.033336	0.000000	-53.484571
1606	1	0.000000	0.033333	0.000000	-53.517904
1607	1	0.000000	0.033333	0.000000	-53.551237
1608	1	0.000000	0.033340	0.000000	-53.584577
1609	1	0.000000	0.033340	0.000000	-53.617917
1610	1	0.000000	0.033324	0.000000	-53.651241
1611	1	0.000000	0.033333	0.000000	-53.684574
1612	1	0.000000	0.033329	0.000000	-53.717903
1613	1	0.000000	0.033354	0.000000	-53.751257
1614	1	0.000000	0.033320	0.000000	-53.784577
1615	1	0.000000	0.033339	0.000000	-53.817916
1616	1	0.000000	0.033332	0.000000	-53.851248
1617	1	0.000000	0.033332	0.000000	-53.884580
1618	1	0.000000	0.033338	0.000000	-53.917918
1619	1	0.000000	0.033406	0.000000	-53.951324
1620	1	0.000000	0.033669	0.000000	-53.984993
1621	1	0.000000	0.033122	0.000000	-54.018115
1622	1	0.000000	0.033244	0.000000	-54.051359
1623	1	0.000000	0.033468	0.000000	-54.084827
1624	1	0.000000	0.033436	0.000000	-54.118263
1625	1	0.000000	0.034948	0.000000	-54.153211
1626	1	0.000000	0.031483	0.000000	-54.184694
1627	1	0.000000	0.033283	0.000000	-54.217977
1628	1	0.000000	0.033272	0.000000	-54.251249
1629	1	0.000000	0.033328	0.000000	-54.284577
1630	1	0.000000	0.033327	0.000000	-54.317904
1631	1	0.000000	0.033345	0.000000	-54.351249
1632	1	0.000000	0.033332	0.000000	-54.384581
1633	1	0.000000	0.033323	0.000000	-54.417904
1634	1	0.000000	0.033333	0.000000	-54.451237
1635	1	0.000000	0.033339	0.000000	-54.484576
1636	1	0.000000	0.033332	0.000000	-54.517908
1637	1	0.000000	0.033342	0.000000	-54.551250
1638	1	0.000000	0.033329	0.000000	-54.584579
1639	1	0.000000	0.033337	0.000000	-54.617916
1640	1	0.000000	0.033330	0.000000	-54.651246
1641	1	0.000000	0.033338	0.000000	-54.684584
1642	1	0.000000	0.033326	0.000000	-54.717910
1643	1	0.000000	0.033328	0.000000	-54.751238
1644	1	0.000000	0.033353	0.000000	-54.784591
1645	1	0.000000	0.033320	0.000000	-54.817911
1646	1	0.000000	0.033331	0.000000	-54.851242
1647	1	0.000000	0.033324	0.000000	-54.884566
1648	1	0.000000	0.033341	0.000000	-54.917907
1649	1	0.000000	0.033333	0.000000	-54.951240
1650	1	0.000000	0.033430	0.000000	-54.984670
1651	1	0.000000	0.033239	0.000000	-55.017909
1652	1	0.000000	0.033335	0.000000	-55.051244
1653	1	0.000000	0.033333	0.000000	-55.084577
1654	1	0.000000	0.033337	0.000000	-55.117914
1655	1	0.000000	0.033331	0.000000	-55.151245
1656	1	0.000000	0.033337	0.000000	-55.184582
1657	1	0.000000	0.033330	0.000000	-55.217912
1658	1	0.000000	0.033328	0.000000	-55.251240
1659	1	0.000000	0.033334	0.000000	-55.284574
1660	1	0.000000	0.033332	0.000000	-55.317906
1661	1	0.000000	0.033341	0.000000	-55.351247
1662	1	0.000000	0.033333	0.000000	-55.384580
1663	1	0.000000	0.033319	0.000000	-55.417899
1664	1	0.000000	0.033348	0.000000	-55.451247
1665	1	0.000000	0.033330	0.000000	-55.484577
1666	1	0.000000	0.033334	0.000000	-55.517911
1667	1	0.000000	0.033331	0.000000	-55.551242
1668	1	0.000000	0.033339	0.000000	-55.584581
1669	1	0.000000	0.033328	0.000000	-55.617909
1670	1	0.000000	0.033336	0.000000	-55.651245
1671	1	0.000000	0.033321	0.000000	-55.684566
1672	1	0.000000	0.033341	0.000000	-55.717907
1673	1	0.000000	0.033329	0.000000	-55.751236
1674	1	0.000000	0.033326	0.000000	-55.784562
1675	1	0.000000	0.033355	0.000000	-55.817917
1676	1	0.000000	0.033329	0.000000	-55.851246
1677	1	0.000000	0.033337	0.000000	-55.884583
1678	1	0.000000	0.033322	0.000000	-55.917905
1679	1	0.000000	0.033335	0.000000	-55.951240
1680	1	0.000000	0.033392	0.000000	-55.984632
1681	1	0.000000	0.033275	0.000000	-56.017907
1682	1	0.000000	0.033322	0.000000	-56.051229
1683	1	0.000000	0.033344	0.000000	-56.084573
1684	1	0.000000	0.033343	0.000000	-56.117916
1685	1	0.000000	0.033325	0.000000	-56.151241
1686	1	0.000000	0.033330	0.000000	-56.184571
1687	1	0.000000	0.033341	0.000000	-56.217912
1688	1	0.000000	0.033329	0.000000	-56.251241
1689	1	0.000000	0.033333	0.000000	-56.284574
1690	1	0.000000	0.033338	0.000000	-56.317912
1691	1	0.000000	0.033342	0.000000	-56.351254
1692	1	0.000000	0.033323	0.000000	-56.384577
1693	1	0.000000	0.033338	0.000000	-56.417915
1694	1	0.000000	0.033331	0.000000	-56.451246
1695	1	0.000000	0.033322	0.000000	-56.484568
1696	1	0.000000	0.033340	0.000000	-56.517908
1697	1	0.000000	0.033337	0.000000	-56.551245
1698	1	0.000000	0.033327	0.000000	-56.584572
1699	1	0.000000	0.033345	0.000000	-56.617917
1700	1	0.000000	0.033320	0.000000	-56.651237
1701	1	0.000000	0.033346	0.000000	-56.684583
1702	1	0.000000	0.033326	0.000000	-56.717909
1703	1	0.000000	0.033346	0.000000	-56.751255
1704	1	0.000000	0.033326	0.000000	-56.784581
1705	1	0.000000	0.033324	0.000000	-56.817905
1706	1	0.000000	0.033338	0.000000	-56.851243
1707	1	0.000000	0.033352	0.000000	-56.884595
1708	1	0.000000	0.033313	0.000000	-56.917908
1709	1	0.000000	0.033331	0.000000	-56.951239
1710	1	0.000000	0.033453	0.000000	-56.984692
1711	1	0.000000	0.033215	0.000000	-57.017907
1712	1	0.000000	0.033328	0.000000	-57.051235
1713	1	0.000000	0.033341	0.000000	-57.084576
1714	1	0.000000	0.033339	0.000000	-57.117915
1715	1	0.000000	0.033328	0.000000	-57.151243
1716	1	0.000000	0.033331	0.000000	-57.184574
1717	1	0.000000	0.033337	0.000000	-57.217911
1718	1	0.000000	0.033334	0.000000	-57.251245
1719	1	0.000000	0.033338	0.000000	-57.284583
1720	1	0.000000	0.033319	0.000000	-57.317902
1721	1	0.000000	0.033343	0.000000	-57.351245
1722	1	0.000000	0.033337	0.000000	-57.384582
1723	1	0.000000	0.033332	0.000000	-57.417914
1724	1	0.000000	0.033317	0.000000	-57.451231
1725	1	0.000000	0.033342	0.000000	-57.484573
1726	1	0.000000	0.033335	0.000000	-57.517908
1727	1	0.000000	0.033331	0.000000	-57.551239
1728	1	0.000000	0.033334	0.000000	-57.584573
1729	1	0.000000	0.033335	0.000000	-57.617908
1730	1	0.000000	0.033334	0.000000	-57.651242
1731	1	0.000000	0.033331	0.000000	-57.684573
1732	1	0.000000	0.033335	0.000000	-57.717908
1733	1	0.000000	0.033319	0.000000	-57.751227
1734	1	0.000000	0.033343	0.000000	-57.784570
1735	1	0.000000	0.033328	0.000000	-57.817898
1736	1	0.000000	0.033369	0.000000	-57.851267
1737	1	0.000000	0.033309	0.000000	-57.884576
1738	1	0.000000	0.033329	0.000000	-57.917905
1739	1	0.000000	0.033339	0.000000	-57.951244
1740	1	0.000000	0.033420	0.000000	-57.984664
1741	1	0.000000	0.033245	0.000000	-58.017909
1742	1	0.000000	0.033324	0.000000	-58.051233
1743	1	0.000000	0.033342	0.000000	-58.084575
1744	1	0.000000	0.033340	0.000000	-58.117915
1745	1	0.000000	0.033323	0.000000	-58.151238
1746	1	0.000000	0.033327	0.000000	-58.184565
1747	1	0.000000	0.033347	0.000000	-58.217912
1748	1	0.000000	0.033328	0.000000	-58.251240
1749	1	0.000000	0.033333	0.000000	-58.284573
1750	1	0.000000	0.033342	0.000000	-58.317915
1751	1	0.000000	0.033362	0.000000	-58.351277
1752	1	0.000000	0.033301	0.000000	-58.384578
1753	1	0.000000	0.033334	0.000000	-58.417912
1754	1	0.000000	0.033328	0.000000	-58.451240
1755	1	0.000000	0.033324	0.000000	-58.484564
1756	1	0.000000	0.033351	0.000000	-58.517915
1757	1	0.000000	0.033323	0.000000	-58.551238
1758	1	0.000000	0.033333	0.000000	-58.584571
1759	1	0.000000	0.033342	0.000000	-58.617913
1760	1	0.000000	0.033330	0.000000	-58.651243
1761	1	0.000000	0.033329	0.000000	-58.684572
1762	1	0.000000	0.033345	0.000000	-58.717917
1763	1	0.000000	0.033315	0.000000	-58.751232
1764	1	0.000000	0.033343	0.000000	-58.784575
1765	1	0.000000	0.033325	0.000000	-58.817900
1766	1	0.000000	0.033345	0.000000	-58.851245
1767	1	0.000000	0.033333	0.000000	-58.884578
1768	1	0.000000	0.033327	0.000000	-58.917905
1769	1	0.000000	0.033341	0.000000	-58.951246
1770	1	0.000000	0.033392	0.000000	-58.984638
1771	1	0.000000	0.033271	0.000000	-59.017909
1772	1	0.000000	0.033326	0.000000	-59.051235
1773	1	0.000000	0.033348	0.000000	-59.084583
1774	1	0.000000	0.033333	0.000000	-59.117916
1775	1	0.000000	0.033317	0.000000	-59.151233
1776	1	0.000000	0.033334	0.000000	-59.184567
1777	1	0.000000	0.033334	0.000000	-59.217901
1778	1	0.000000	0.033348	0.000000	-59.251249
1779	1	0.000000	0.033324	0.000000	-59.284573
1780	1	0.000000	0.033329	0.000000	-59.317902
1781	1	0.000000	0.033407	0.000000	-59.351309
1782	1	0.000000	0.033313	0.000000	-59.384622
1783	1	0.000000	0.033282	0.000000	-59.417904
1784	1	0.000000	0.033345	0.000000	-59.451249
1785	1	0.000000	0.033320	0.000000	-59.484569
1786	1	0.000000	0.033334	0.000000	-59.517903
1787	1	0.000000	0.033336	0.000000	-59.551239
1788	1	0.000000	0.033351	0.000000	-59.584590
1789	1	0.000000	0.033323	0.000000	-59.617913
1790	1	0.000000	0.033325	0.000000	-59.651238
1791	1	0.000000	0.033339	0.000000	-59.684577
1792	1	0.000000	0.033334	0.000000	-59.717911
1793	1	0.000000	0.033335	0.000000	-59.751246
1794	1	0.000000	0.033332	0.000000	-59.784578
1795	1	0.000000	0.033326	0.000000	-59.817904
1796	1	0.000000	0.033340	0.000000	-59.851244
1797	1	0.000000	0.033333	0.000000	-59.884577
1798	1	0.000000	0.033328	0.000000	-59.917905
1799	1	0.000000	0.033335	0.000000	-59.951240
1800	1	0.000000	0.033431	0.000000	-59.984671
1801	1	0.000000	0.033234	0.000000	-60.017905
1802	1	0.000000	0.033340	0.000000	-60.051245
1803	1	0.000000	0.033337	0.000000	-60.084582
1804	1	0.000000	0.033336	0.000000	-60.117918
1805	1	0.000000	0.033332	0.000000	-60.151250
1806	1	0.000000	0.033329	0.000000	-60.184579
1807	1	0.000000	0.033330	0.000000	-60.217909
1808	1	0.000000	0.033332	0.000000	-60.251241
1809	1	0.000000	0.033338	0.000000	-60.284579
1810	1	0.000000	0.033329	0.000000	-60.317908
1811	1	0.000000	0.033333	0.000000	-60.351241
1812	1	0.000000	0.033340	0.000000	-60.384581
1813	1	0.000000	0.033329	0.000000	-60.417910
1814	1	0.000000	0.033327	0.000000	-60.451237
1815	1	0.000000	0.033323	0.000000	-60.484560
1816	1	0.000000	0.033347	0.000000	-60.517907
1817	1	0.000000	0.033331	0.000000	-60.551238
1818	1	0.000000	0.033338	0.000000	-60.584576
1819	1	0.000000	0.033344	0.000000	-60.617920
1820	1	0.000000	0.033325	0.000000	-60.651245
1821	1	0.000000	0.033337	0.000000	-60.684582
1822	1	0.000000	0.033324	0.000000	-60.717906
1823	1	0.000000	0.033329	0.000000	-60.751235
1824	1	0.000000	0.033344	0.000000	-60.784579
1825	1	0.000000	0.033340	0.000000	-60.817919
1826	1	0.000000	0.033323	0.000000	-60.851242
1827	1	0.000000	0.033331	0.000000	-60.884573
1828	1	0.000000	0.033337	0.000000	-60.917910
1829	1	0.000000	0.033330	0.000000	-60.951240
1830	1	0.000000	0.033428	0.000000	-60.984668
1831	1	0.000000	0.033240	0.000000	-61.017908
1832	1	0.000000	0.033327	0.000000	-61.051235
1833	1	0.000000	0.033344	0.000000	-61.084579
1834	1	0.000000	0.033327	0.000000	-61.117906
1835	1	0.000000	0.033332	0.000000	-61.151238
1836	1	0.000000	0.033334	0.000000	-61.184572
1837	1	0.000000	0.033336	0.000000	-61.217908
1838	1	0.000000	0.033333	0.000000	-61.251241
1839	1	0.000000	0.033333	0.000000	-61.284574
1840	1	0.000000	0.033340	0.000000	-61.317914
1841	1	0.000000	0.033362	0.000000	-61.351276
1842	1	0.000000	0.033296	0.000000	-61.384572
1843	1	0.000000	0.033336	0.000000	-61.417908
1844	1	0.000000	0.033331	0.000000	-61.451239
1845	1	0.000000	0.033340	0.000000	-61.484579
1846	1	0.000000	0.033325	0.000000	-61.517904
1847	1	0.000000	0.033337	0.000000	-61.551241
1848	1	0.000000	0.033330	0.000000	-61.584571
1849	1	0.000000	0.033336	0.000000	-61.617907
1850	1	0.000000	0.033330	0.000000	-61.651237
1851	1	0.000000	0.033343	0.000000	-61.684580
1852	1	0.000000	0.033329	0.000000	-61.717909
1853	1	0.000000	0.033331	0.000000	-61.751240
1854	1	0.000000	0.033335	0.000000	-61.784575
1855	1	0.000000	0.033333	0.000000	-61.817908
1856	1	0.000000	0.033337	0.000000	-61.851245
1857	1	0.000000	0.033329	0.000000	-61.884574
1858	1	0.000000	0.033330	0.000000	-61.917904
1859	1	0.000000	0.033345	0.000000	-61.951249
1860	1	0.000000	0.033429	0.000000	-61.984678
1861	1	0.000000	0.033230	0.000000	-62.017908
1862	1	0.000000	0.033340	0.000000	-62.051248
1863	1	0.000000	0.033326	0.000000	-62.084574
1864	1	0.000000	0.033333	0.000000	-62.117907
1865	1	0.000000	0.033333	0.000000	-62.151240
1866	1	0.000000	0.033329	0.000000	-62.184569
1867	1	0.000000	0.033337	0.000000	-62.217906
1868	1	0.000000	0.033334	0.000000	-62.251240
1869	1	0.000000	0.033338	0.000000	-62.284578
1870	1	0.000000	0.033333	0.000000	-62.317911
1871	1	0.000000	0.033330	0.000000	-62.351241
1872	1	0.000000	0.033332	0.000000	-62.384573
1873	1	0.000000	0.033335	0.000000	-62.417908
1874	1	0.000000	0.033322	0.000000	-62.451230
1875	1	0.000000	0.033333	0.000000	-62.484563
1876	1	0.000000	0.033337	0.000000	-62.517900
1877	1	0.000000	0.033333	0.000000	-62.551233
1878	1	0.000000	0.033337	0.000000	-62.584570
1879	1	0.000000	0.033329	0.000000	-62.617899
1880	1	0.000000	0.033343	0.000000	-62.651242
1881	1	0.000000	0.033332	0.000000	-62.684574
1882	1	0.000000	0.033336	0.000000	-62.717910
1883	1	0.000000	0.033329	0.000000	-62.751239
1884	1	0.000000	0.033339	0.000000	-62.784578
1885	1	0.000000	0.033319	0.000000	-62.817897
1886	1	0.000000	0.033347	0.000000	-62.851244
1887	1	0.000000	0.033334	0.000000	-62.884578
1888	1	0.000000	0.033330	0.000000	-62.917908
1889	1	0.000000	0.033333	0.000000	-62.951241
1890	1	0.000000	0.033430	0.000000	-62.984671
1891	1	0.000000	0.033241	0.000000	-63.017912
1892	1	0.000000	0.033330	0.000000	-63.051242
1893	1	0.000000	0.033332	0.000000	-63.084574
1894	1	0.000000	0.033330	0.000000	-63.117904
1895	1	0.000000	0.033337	0.000000	-63.151241
1896	1	0.000000	0.033336	0.000000	-63.184577
1897	1	0.000000	0.033331	0.000000	-63.217908
1898	1	0.000000	0.033334	0.000000	-63.251242
1899	1	0.000000	0.033340	0.000000	-63.284582
1900	1	0.000000	0.033326	0.000000	-63.317908
1901	1	0.000000	0.033337	0.000000	-63.351245
1902	1	0.000000	0.033338	0.000000	-63.384583
1903	1	0.000000	0.033332	0.000000	-63.417915
1904	1	0.000000	0.033331	0.000000	-63.451246
1905	1	0.000000	0.033322	0.000000	-63.484568
1906	1	0.000000	0.033341	0.000000	-63.517909
1907	1	0.000000	0.033328	0.000000	-63.551237
1908	1	0.000000	0.033335	0.000000	-63.584572
1909	1	0.000000	0.033332	0.000000	-63.617904
1910	1	0.000000	0.033335	0.000000	-63.651239
1911	1	0.000000	0.033338	0.000000	-63.684577
1912	1	0.000000	0.033330	0.000000	-63.717907
1913	1	0.000000	0.033333	0.000000	-63.751240
1914	1	0.000000	0.033339	0.000000	-63.784579
1915	1	0.000000	0.033321	0.000000	-63.817900
1916	1	0.000000	0.033369	0.000000	-63.851269
1917	1	0.000000	0.033305	0.000000	-63.884574
1918	1	0.000000	0.033332	0.000000	-63.917906
1919	1	0.000000	0.033334	0.000000	-63.951240
1920	1	0.000000	0.033405	0.000000	-63.984645
1921	1	0.000000	0.033284	0.000000	-64.017929
1922	1	0.000000	0.033312	0.000000	-64.051241
1923	1	0.000000	0.033331	0.000000	-64.084572
1924	1	0.000000	0.033337	0.000000	-64.117909
1925	1	0.000000	0.033330	0.000000	-64.151239
1926	1	0.000000	0.033334	0.000000	-64.184573
1927	1	0.000000	0.033339	0.000000	-64.217912
1928	1	0.000000	0.033328	0.000000	-64.251240
1929	1	0.000000	0.033331	0.000000	-64.284571
1930	1	0.000000	0.033330	0.000000	-64.317901
1931	1	0.000000	0.033356	0.000000	-64.351257
1932	1	0.000000	0.033321	0.000000	-64.384578
1933	1	0.000000	0.033324	0.000000	-64.417902
1934	1	0.000000	0.033342	0.000000	-64.451244
1935	1	0.000000	0.033327	0.000000	-64.484571
1936	1	0.000000	0.033341	0.000000	-64.517912
1937	1	0.000000	0.033327	0.000000	-64.551239
1938	1	0.000000	0.033340	0.000000	-64.584579
1939	1	0.000000	0.033326	0.000000	-64.617905
1940	1	0.000000	0.033335	0.000000	-64.651240
1941	1	0.000000	0.033334	0.000000	-64.684574
1942	1	0.000000	0.033352	0.000000	-64.717926
1943	1	0.000000	0.033311	0.000000	-64.751237
1944	1	0.000000	0.033325	0.000000	-64.784562
1945	1	0.000000	0.033341	0.000000	-64.817903
1946	1	0.000000	0.033337	0.000000	-64.851240
1947	1	0.000000	0.033372	0.000000	-64.884612
1948	1	0.000000	0.033291	0.000000	-64.917903
1949	1	0.000000	0.033336	0.000000	-64.951239
1950	1	0.000000	0.033395	0.000000	-64.984634
1951	1	0.000000	0.033273	0.000000	-65.017907
1952	1	0.000000	0.033335	0.000000	-65.051242
1953	1	0.000000	0.033337	0.000000	-65.084579
1954	1	0.000000	0.033342	0.000000	-65.117921
1955	1	0.000000	0.033317	0.000000	-65.151238
1956	1	0.000000	0.033349	0.000000	-65.184587
1957	1	0.000000	0.033321	0.000000	-65.217908
1958	1	0.000000	0.033328	0.000000	-65.251236
1959	1	0.000000	0.033333	0.000000	-65.284569
1960	1	0.000000	0.033332	0.000000	-65.317901
1961	1	0.000000	0.033340	0.000000	-65.351241
1962	1	0.000000	0.033332	0.000000	-65.384573
1963	1	0.000000	0.033339	0.000000	-65.417912
1964	1	0.000000	0.033322	0.000000	-65.451234
1965	1	0.000000	0.033332	0.000000	-65.484566
1966	1	0.000000	0.033343	0.000000	-65.517909
1967	1	0.000000	0.033337	0.000000	-65.551246
1968	1	0.000000	0.033332	0.000000	-65.584578
1969	1	0.000000	0.033336	0.000000	-65.617914
1970	1	0.000000	0.033325	0.000000	-65.651239
1971	1	0.000000	0.033335	0.000000	-65.684574
1972	1	0.000000	0.033331	0.000000	-65.717905
1973	1	0.000000	0.033325	0.000000	-65.751230
1974	1	0.000000	0.033340	0.000000	-65.784570
1975	1	0.000000	0.033338	0.000000	-65.817908
1976	1	0.000000	0.033333	0.000000	-65.851241
1977	1	0.000000	0.033336	0.000000	-65.884577
1978	1	0.000000	0.033332	0.000000	-65.917909
1979	1	0.000000	0.033330	0.000000	-65.951239
1980	1	0.000000	0.033422	0.000000	-65.984661
1981	1	0.000000	0.033241	0.000000	-66.017902
1982	1	0.000000	0.033338	0.000000	-66.051240
1983	1	0.000000	0.033330	0.000000	-66.084570
1984	1	0.000000	0.033334	0.000000	-66.117904
1985	1	0.000000	0.033343	0.000000	-66.151247
1986	1	0.000000	0.033326	0.000000	-66.184573
1987	1	0.000000	0.033338	0.000000	-66.217911
1988	1	0.000000	0.033343	0.000000	-66.251254
1989	1	0.000000	0.033326	0.000000	-66.284580
1990	1	0.000000	0.033327	0.000000	-66.317907
1991	1	0.000000	0.033336	0.000000	-66.351243
1992	1	0.000000	0.033334	0.000000	-66.384577
1993	1	0.000000	0.033330	0.000000	-66.417907
1994	1	0.000000	0.033336	0.000000	-66.451243
1995	1	0.000000	0.033331	0.000000	-66.484574
1996	1	0.000000	0.033336	0.000000	-66.517910
1997	1	0.000000	0.033332	0.000000	-66.551242
1998	1	0.000000	0.033330	0.000000	-66.584572
1999	1	0.000000	0.033330	0.000000	-66.617902
