11.990
9.561
8.588
11.847
9.302
8.911
11.291
9.244
9.226
10.575
9.553
9.588
9.892
9.778
9.864
9.579
10.144
10.168
9.146
10.639
10.321
8.818
11.261
9.953
8.566
12.042
9.571
8.596
11.879
9.309
8.920
11.321
9.250
9.231
10.596
9.554
9.600
9.902
9.789
9.883
9.594
10.165
10.191
9.161
10.672
10.314
8.835
11.301
9.970
8.579
12.057
9.585
8.614
11.897
9.322
8.932
11.338
9.262
9.251
10.616
9.569
9.627
9.928
9.801
9.904
9.606
10.177
10.223
9.166
10.677
10.369
8.845
11.313
9.985
8.589
12.078
9.604
8.623
11.912
9.343
8.948
11.343
9.276
9.259
10.626
9.581
9.629
9.932
9.804
9.930
9.621
10.177
10.242
9.189
10.688
10.386
8.854
11.334
10.009
8.593
12.093
9.623
8.627
11.932
9.365
8.959
11.359
9.300
9.265
10.637
9.594
9.647
9.940
9.820
9.948
9.633
10.186
10.267
9.189
10.693
10.408
8.852
11.344
10.025
8.597
12.114
9.635
8.641
11.950
9.364
8.965
11.376
9.302
9.275
10.652
9.595
9.625
9.954
9.827
9.952
9.645
10.186
10.279
9.212
10.702
10.420
8.865
11.352
10.034
8.611
12.121
9.639
8.647
11.961
9.373
8.968
11.379
9.307
9.281
10.648
9.602
9.662
9.948
9.826
9.956
9.636
10.186
10.283
9.205
10.713
10.430
8.864
11.359
10.039
8.612
12.137
9.650
8.655
11.960
9.383
8.970
11.383
9.320
9.288
10.658
9.614
9.665
9.965
9.833
9.975
9.644
10.189
10.295
9.216
10.702
10.445
8.883
11.339
10.046
8.631
12.120
9.662
8.666
11.952
9.370
8.972
11.403
9.314
9.276
10.672
9.597
9.655
9.978
9.830
9.962
9.653
10.198
10.282
9.216
10.711
10.430
8.872
11.371
10.044
8.624
12.140
9.655
8.635
11.968
9.387
8.978
11.409
9.315
9.291
10.685
9.608
9.664
9.976
9.838
9.969
9.654
10.200
10.308
9.215
10.719
10.452
8.883
11.370
10.062
8.630
12.151
9.669
8.665
11.977
9.396
8.981
11.408
9.330
9.289
10.679
9.626
9.676
9.976
9.858
9.979
9.650
10.225
10.313
9.216
10.750
10.459
8.877
11.398
10.068
8.628
12.170
9.671
8.670
12.003
9.406
8.981
11.431
9.335
9.291
10.695
9.627
9.666
9.986
9.850
9.985
9.659
10.217
10.328
9.221
10.746
10.437
8.885
11.392
10.064
8.620
12.169
9.673
8.664
12.002
9.392
8.984
11.437
9.323
9.291
10.687
9.630
9.680
9.992
9.857
9.992
9.666
10.219
10.318
9.199
10.747
10.480
8.877
11.390
10.069
8.620
12.180
9.683
8.660
12.002
9.396
8.978
11.431
9.332
9.293
10.700
9.622
9.671
9.990
9.855
9.991
9.664
10.229
10.333
9.215
10.752
10.485
8.878
11.403
10.088
8.626
12.177
9.694
8.675
11.995
9.408
8.989
11.426
9.348
9.300
10.698
9.641
9.692
9.987
9.869
9.983
9.659
10.245
10.320
9.219
10.758
10.476
8.889
11.416
10.075
8.627
12.200
9.683
8.662
12.023
9.395
8.977
11.443
9.338
9.290
10.711
9.634
9.650
9.992
9.890
9.985
9.663
10.255
10.343
9.214
10.756
10.492
8.881
11.408
10.090
8.621
12.177
9.693
8.665
12.003
9.413
8.974
11.435
9.356
9.289
10.695
9.659
9.668
9.989
9.895
9.985
9.662
10.261
10.334
9.219
10.779
10.484
8.888
11.417
10.095
8.623
12.186
9.711
8.653
12.033
9.437
8.971
11.445
9.356
9.287
10.719
9.649
9.665
10.007
9.895
9.981
9.667
10.257
10.332
9.219
10.762
10.487
8.889
11.403
10.100
8.620
12.175
9.697
8.658
12.015
9.398
8.969
11.446
9.361
9.296
10.713
9.660
9.683
10.001
9.902
9.999
9.674
10.277
10.349
9.224
10.781
10.501
8.891
11.425
10.105
8.624
12.186
9.704
8.636
12.008
9.427
8.971
11.449
9.363
9.298
10.721
9.666
9.685
10.006
9.896
9.998
9.687
10.278
10.354
9.238
10.765
10.508
8.901
11.400
10.116
8.633
12.185
9.716
8.660
12.013
9.431
8.972
11.453
9.372
9.295
10.719
9.667
9.689
10.011
9.899
9.997
9.690
10.272
10.354
9.243
10.776
10.515
8.895
11.413
10.111
8.638
12.191
9.710
8.659
12.016
9.427
8.969
11.452
9.368
9.290
10.723
9.665
9.676
10.021
9.898
9.993
9.700
10.280
10.343
9.245
10.785
10.482
8.912
11.414
10.116
8.635
12.188
9.715
8.663
12.024
9.437
8.973
11.467
9.365
9.307
10.727
9.674
9.696
10.016
9.908
10.011
9.696
10.292
10.349
9.231
10.785
10.531
8.916
11.422
10.128
8.646
12.198
9.738
8.670
12.047
9.455
8.990
11.476
9.397
9.311
10.736
9.694
9.709
10.026
9.916
10.032
9.712
10.310
10.385
9.263
10.802
10.556
8.927
11.432
10.152
8.647
12.211
9.757
8.678
12.041
9.461
8.989
11.478
9.405
9.316
10.739
9.709
9.711
10.037
9.920
10.034
9.725
10.294
10.380
9.279
10.786
10.554
8.933
11.429
10.141
8.655
12.219
9.736
8.678
12.060
9.453
8.979
11.501
9.394
9.317
10.756
9.693
9.684
10.042
9.922
10.051
9.724
10.305
10.396
9.274
10.801
10.556
8.920
11.437
10.146
8.647
12.213
9.741
8.673
12.061
9.455
8.991
11.504
9.399
9.319
10.756
9.705
9.729
10.040
9.932
10.065
9.726
10.324
10.413
9.281
10.816
10.569
8.942
11.466
10.163
8.668
12.251
9.763
8.688
12.081
9.475
9.004
11.515
9.422
9.356
10.763
9.714
9.750
10.060
9.960
10.076
9.730
10.332
10.421
9.286
10.829
10.572
8.940
11.471
10.167
8.672
12.242
9.765
8.699
12.086
9.473
9.017
11.505
9.435
9.354
10.761
9.729
9.764
10.047
9.964
10.081
9.721
10.342
10.438
9.279
10.831
10.592
8.938
11.470
10.187
8.667
12.241
9.787
8.671
12.092
9.484
9.014
11.518
9.424
9.349
10.774
9.728
9.751
10.056
9.968
10.084
9.731
10.345
10.443
9.289
10.850
10.592
8.950
11.484
10.181
8.679
12.250
9.789
8.705
12.089
9.497
9.011
11.523
9.437
9.349
10.773
9.727
9.763
10.054
9.959
10.100
9.729
10.338
10.453
9.293
10.840
10.612
8.957
11.486
10.196
8.684
12.262
9.795
8.697
12.098
9.505
9.024
11.529
9.441
9.357
10.780
9.737
9.760
10.073
9.979
10.101
9.742
10.364
10.463
9.299
10.858
10.589
8.957
11.538
10.192
8.687
12.313
9.796
8.715
12.132
9.515
9.026
11.550
9.457
9.352
10.780
9.757
9.774
10.058
10.015
10.103
9.736
10.408
10.460
9.285
10.903
10.610
8.966
11.543
10.207
8.691
12.299
9.806
8.717
12.132
9.523
9.029
11.547
9.465
9.367
10.791
9.756
9.776
10.074
10.011
10.106
9.734
10.408
10.468
9.300
10.889
10.618
8.968
11.534
10.211
8.695
12.291
9.811
8.721
12.124
9.527
9.027
11.541
9.469
9.368
10.787
9.763
9.778
10.074
10.009
10.111
9.733
10.406
10.463
9.306
10.898
10.623
8.969
11.525
10.210
8.697
12.305
9.812
8.718
12.121
9.529
9.031
11.543
9.464
9.361
10.792
9.752
9.748
10.087
10.034
10.121
9.743
10.417
10.487
9.310
10.907
10.643
8.976
11.561
10.238
8.700
12.319
9.831
8.719
12.136
9.540
9.032
11.551
9.492
9.366
10.785
9.786
9.778
10.087
10.036
10.116
9.746
10.427
10.488
9.313
10.910
10.657
8.983
11.562
10.250
8.712
12.315
9.844
8.725
12.136
9.551
9.041
11.539
9.494
9.359
10.793
9.785
9.780
10.078
10.036
10.122
9.742
10.425
10.491
9.308
10.912
10.660
8.978
11.557
10.251
8.703
12.315
9.842
8.724
12.129
9.537
9.035
11.551
9.493
9.364
10.800
9.787
9.772
10.096
10.044
10.108
9.749
10.430
10.482
9.319
10.911
10.644
8.981
11.560
10.242
8.712
12.316
9.842
8.703
12.150
9.554
9.035
11.552
9.500
9.367
10.799
9.795
9.784
10.087
10.049
10.115
9.745
10.439
10.494
9.315
10.933
10.653
8.977
11.556
10.245
8.703
12.306
9.851
8.723
12.133
9.554
9.040
11.549
9.499
9.375
10.788
9.797
9.781
10.089
10.041
10.125
9.744
10.430
10.498
9.314
10.916
10.661
8.987
11.569
10.240
8.713
12.335
9.840
8.728
12.150
9.551
9.037
11.568
9.496
9.365
10.806
9.803
9.783
10.095
10.055
10.125
9.766
10.459
10.500
9.323
10.944
10.632
8.997
11.563
10.253
8.719
12.333
9.849
8.743
12.154
9.551
9.054
11.570
9.495
9.383
10.811
9.804
9.798
10.110
10.054
10.146
9.770
10.439
10.509
9.322
10.939
10.655
9.007
11.576
10.256
8.719
12.327
9.849
8.740
12.150
9.559
9.045
11.565
9.510
9.378
10.811
9.805
9.800
10.106
10.057
10.124
9.765
10.444
10.516
9.342
10.923
10.677
9.005
11.547
10.262
8.727
12.314
9.855
8.745
12.147
9.569
9.057
11.570
9.509
9.384
10.813
9.802
9.807
10.114
10.044
10.150
9.772
10.426
10.523
9.342
10.915
10.683
9.013
11.553
10.261
8.732
12.310
9.859
8.757
12.150
9.562
9.059
11.568
9.506
9.390
10.810
9.804
9.786
10.116
10.054
10.156
9.777
10.444
10.533
9.354
10.918
10.687
9.020
11.554
10.271
8.742
12.321
9.855
8.763
12.154
9.556
9.071
11.577
9.508
9.396
10.808
9.812
9.821
10.118
10.048
10.159
9.785
10.440
10.535
9.360
10.920
10.707
9.022
11.564
10.287
8.738
12.332
9.875
8.756
12.155
9.569
9.075
11.583
9.523
9.404
10.833
9.823
9.820
10.131
10.054
10.173
9.790
10.452
10.548
9.366
10.926
10.703
9.027
11.577
10.283
8.739
12.350
9.870
8.761
12.171
9.552
9.092
11.610
9.500
9.404
10.849
9.801
9.824
10.139
10.040
10.170
9.797
10.446
10.532
9.367
10.917
10.693
9.025
11.567
10.282
8.751
12.338
9.874
8.756
12.136
9.562
9.064
11.561
9.494
9.404
10.810
9.792
9.831
10.113
10.027
10.164
9.772
10.438
10.533
9.341
10.912
10.683
9.013
11.550
10.267
8.740
12.358
9.873
8.762
12.178
9.568
9.079
11.598
9.511
9.418
10.842
9.813
9.838
10.134
10.048
10.182
9.795
10.452
10.555
9.366
10.925
10.705
9.031
11.578
10.284
8.754
12.352
9.875
8.766
12.178
9.566
9.090
11.620
9.504
9.420
10.859
9.798
9.848
10.149
10.047
10.190
9.810
10.444
10.556
9.376
10.925
10.681
9.023
11.572
10.279
8.752
12.354
9.874
8.765
12.180
9.567
9.086
11.612
9.499
9.422
10.854
9.804
9.846
10.147
10.044
10.182
9.804
10.432
10.548
9.350
10.924
10.691
9.032
11.574
10.276
8.751
12.343
9.867
8.766
12.183
9.557
9.086
11.624
9.493
9.422
10.854
9.796
9.842
10.142
10.047
10.193
9.800
10.456
10.542
9.362
10.940
10.689
9.028
11.597
10.272
8.753
12.376
9.858
8.770
12.194
9.552
9.086
11.624
9.485
9.425
10.854
9.794
9.844
10.140
10.035
10.187
9.794
10.457
10.555
9.368
10.947
10.712
9.039
11.606
10.278
8.760
12.370
9.867
8.770
12.198
9.558
9.089
11.625
9.494
9.429
10.860
9.797
9.822
10.132
10.040
10.190
9.793
10.459
10.564
9.352
10.943
10.706
9.029
11.595
10.279
8.751
12.364
9.861
8.770
12.187
9.558
9.079
11.616
9.496
9.432
10.845
9.783
9.845
10.141
10.043
10.191
9.789
10.458
10.551
9.353
10.933
10.692
9.023
11.604
10.272
8.756
12.368
9.855
8.768
12.184
9.549
9.072
11.616
9.487
9.407
10.851
9.790
9.836
10.134
10.044
10.188
9.788
10.464
10.558
9.349
10.954
10.697
9.027
11.598
10.273
8.747
12.379
9.855
8.764
12.188
9.531
9.074
11.614
9.494
9.416
10.856
9.789
9.844
10.137
10.059
10.190
9.783
10.468
10.552
9.358
10.959
10.708
9.018
11.604
10.274
8.747
12.379
9.865
8.738
12.202
9.554
9.080
11.614
9.496
9.427
10.854
9.793
9.845
10.141
10.054
10.195
9.781
10.459
10.556
9.345
10.962
10.715
9.018
11.610
10.292
8.741
12.377
9.877
8.763
12.206
9.563
9.081
11.614
9.505
9.421
10.862
9.805
9.847
10.131
10.068
10.203
