37.122
33.716
32.407
31.079
31.056
30.179
30.246
29.940
29.959
29.792
29.969
29.924
29.943
29.754
29.737
29.582
29.612
29.583
29.618
29.560
29.560
29.632
29.689
29.606
29.688
29.593
29.489
29.413
29.446
29.368
29.304
29.273
29.173
29.088
29.149
29.155
29.143
29.074
29.156
29.081
28.948
28.895
28.951
28.903
28.873
28.867
28.892
28.887
28.745
28.653
28.779
28.711
28.919
28.801
28.908
28.795
28.875
28.684
28.901
28.692
26.835
26.736
26.884
26.805
26.979
26.828
26.982
26.801
26.887
26.742
26.884
26.795
26.906
26.849
26.948
26.848
26.883
26.787
26.879
26.780
26.862
26.790
26.864
26.783
26.963
26.830
26.963
26.809
26.814
26.817
26.810
26.788
26.843
26.829
26.776
26.718
26.744
26.723
26.759
26.761
26.773
26.752
26.728
26.725
26.741
26.736
26.793
26.779
26.788
26.802
26.783
26.789
26.780
26.761
26.784
26.768
26.774
26.728
26.721
26.758
26.678
26.693
26.732
26.731
26.725
26.705
26.781
26.801
26.850
26.837
26.857
26.860
26.885
26.851
26.856
26.853
26.837
26.809
26.832
26.838
26.924
26.919
26.932
26.920
26.892
26.886
26.951
26.966
26.956
26.966
26.963
26.939
26.976
27.019
27.025
27.048
27.044
26.963
26.993
26.980
26.938
26.926
26.990
27.004
26.985
26.965
26.934
26.929
26.986
26.998
26.982
26.930
26.934
26.904
26.879
26.883
26.897
26.936
27.025
27.045
26.940
26.939
27.024
26.993
26.993
26.941
27.011
26.984
26.975
26.973
26.993
27.005
26.993
26.961
26.987
27.017
26.997
26.935
26.939
27.010
26.984
26.978
27.021
26.985
26.876
26.894
26.936
26.968
26.937
27.007
26.995
26.981
27.025
27.008
27.021
27.043
27.057
27.026
27.049
27.024
27.018
27.032
27.050
27.075
27.050
27.037
27.137
27.142
27.108
27.055
27.049
27.028
26.993
26.992
27.089
27.033
27.020
27.045
27.007
27.012
26.993
27.047
27.104
27.076
27.132
27.105
27.110
27.101
27.094
27.104
27.116
27.076
27.046
27.072
27.099
27.081
27.054
27.068
27.052
27.038
27.073
27.092
27.044
26.977
26.968
26.945
26.911
26.937
26.942
26.948
27.014
26.998
26.975
26.925
26.917
26.935
26.986
27.019
27.013
26.937
26.924
26.908
26.928
26.936
26.885
26.909
26.941
26.899
26.851
26.822
26.889
26.666
26.814
26.630
26.813
26.681
26.798
26.607
26.683
26.566
26.609
26.569
26.757
26.629
26.817
26.779
27.052
26.919
27.106
26.981
27.196
27.016
27.267
27.037
27.110
26.903
27.090
26.897
27.014
26.862
26.918
26.791
26.868
26.760
26.731
26.677
26.666
26.692
26.725
26.701
26.738
26.731
26.728
26.704
26.693
26.707
26.701
26.706
26.748
26.768
26.761
26.741
26.764
26.817
26.848
26.828
26.813
26.770
26.740
26.674
26.695
26.707
26.661
26.636
26.673
26.636
26.687
26.668
26.710
26.698
26.521
26.519
26.534
26.575
26.677
26.637
26.695
26.722
26.722
26.681
26.667
26.603
26.628
26.637
26.612
26.607
26.609
26.611
26.672
26.701
26.769
26.774
26.726
26.718
26.798
26.841
26.820
26.781
26.764
26.795
26.807
26.814
26.833
26.820
26.820
26.826
26.805
26.767
26.741
26.672
26.608
26.577
26.585
26.621
26.660
26.673
26.714
26.661
26.659
26.699
26.773
26.753
26.737
26.756
26.751
26.750
26.770
26.710
26.732
26.721
26.590
26.579
26.642
26.624
26.694
26.613
26.952
26.884
27.204
27.000
27.095
26.772
26.967
26.798
26.905
26.743
26.865
26.743
26.850
26.702
26.862
26.767
26.842
26.761
26.914
26.808
26.953
26.839
26.982
26.831
27.016
26.823
27.078
26.884
27.026
26.821
26.915
26.706
26.803
26.645
26.704
26.597
26.690
26.573
26.516
26.538
26.559
26.558
26.594
26.577
26.609
26.569
26.554
26.546
26.580
26.595
26.605
26.585
26.613
26.628
26.582
26.584
26.593
26.615
26.590
26.600
26.604
26.633
26.586
26.550
26.575
26.550
26.529
26.542
26.548
26.526
26.565
26.552
26.637
26.636
26.649
26.619
26.578
26.593
26.625
26.623
26.546
26.551
26.596
26.605
26.605
26.614
26.600
26.617
26.546
26.561
26.550
26.532
26.575
26.606
26.586
26.562
26.585
26.580
26.561
26.546
26.520
26.530
26.579
26.551
26.485
26.441
26.461
26.452
26.430
26.484
26.592
26.651
26.658
26.579
26.413
26.414
26.475
26.384
26.657
26.538
26.597
26.473
26.680
26.648
26.894
26.732
26.840
26.720
27.004
26.835
26.990
26.725
26.858
26.613
26.810
26.642
26.765
26.598
26.626
26.452
26.667
26.566
26.706
26.592
26.806
26.657
26.852
26.733
26.949
26.797
27.026
26.932
27.140
27.097
27.046
27.014
26.973
26.893
26.859
26.880
26.873
26.867
26.868
26.854
26.822
26.812
26.776
26.771
26.760
26.762
26.774
26.744
26.684
26.663
26.498
26.500
26.542
26.524
26.612
26.599
26.554
26.542
26.596
26.596
26.566
26.615
26.567
26.536
26.541
26.545
26.568
26.590
26.628
26.627
26.707
26.730
26.723
26.694
26.711
26.682
26.691
26.684
26.691
26.661
26.683
26.640
26.680
26.696
26.739
26.730
26.697
26.698
26.774
26.773
26.835
26.815
26.749
26.732
26.779
26.750
26.669
26.572
26.606
26.616
26.652
26.654
26.650
26.664
26.646
26.616
26.591
26.563
26.537
26.599
26.581
26.565
26.624
26.578
26.612
26.571
26.615
26.611
26.624
26.623
26.537
26.521
26.556
26.548
26.543
26.519
26.548
26.579
26.684
26.713
26.762
26.766
26.707
26.712
26.762
26.771
26.874
26.881
26.864
26.829
26.811
26.796
26.768
26.722
26.743
26.765
26.696
26.672
26.649
26.662
26.673
26.709
26.703
26.683
26.728
26.680
26.642
26.640
26.663
26.659
26.654
26.609
26.692
26.722
26.693
26.683
26.740
26.722
26.712
26.641
26.443
26.364
26.414
26.441
26.473
26.454
26.526
26.537
26.550
26.552
26.535
26.531
26.602
26.601
26.599
26.614
26.671
26.733
26.711
26.671
26.719
26.683
26.621
26.638
26.654
26.657
26.672
26.698
26.745
26.717
26.675
26.646
26.624
26.596
26.515
26.471
26.467
26.470
26.564
26.556
26.578
26.622
26.658
26.651
26.630
26.592
26.590
26.588
26.641
26.633
26.688
26.686
26.656
26.687
26.697
26.707
26.663
26.631
26.670
26.664
26.475
26.467
26.513
26.473
26.475
26.432
26.509
26.489
26.563
26.683
26.707
26.715
26.734
26.756
26.769
26.801
26.837
26.826
26.864
26.901
26.870
26.824
26.867
26.866
26.879
26.897
26.907
26.878
26.839
26.805
26.839
26.840
26.826
26.814
26.798
26.796
26.833
26.813
26.814
26.855
26.872
26.885
26.930
26.951
26.959
26.956
26.939
26.936
26.894
26.866
26.891
26.873
26.913
26.902
26.920
26.878
26.846
26.887
26.879
26.864
26.761
26.765
26.794
26.801
26.806
26.777
26.809
26.800
26.828
26.821
26.831
26.846
26.903
26.945
26.990
26.918
27.015
27.017
27.046
27.115
27.172
27.170
27.152
27.164
27.105
27.103
27.137
27.098
27.147
27.161
27.131
27.099
27.119
27.119
27.087
27.075
27.056
27.108
27.083
27.021
27.042
27.027
27.066
27.071
27.070
27.084
27.076
27.031
27.040
26.997
27.022
27.019
27.051
27.011
26.979
26.986
27.077
27.121
27.101
27.062
27.040
27.014
27.124
27.149
27.137
27.160
27.170
27.209
27.177
27.204
27.219
27.213
27.261
27.233
27.272
27.289
27.260
27.249
27.216
27.166
27.165
27.162
27.124
27.148
27.152
27.109
27.190
26.946
27.085
26.849
26.947
26.798
26.922
26.782
26.852
26.722
26.840
26.766
26.760
26.715
26.836
26.724
26.757
26.667
26.814
26.713
26.880
26.784
26.865
26.743
26.874
26.734
26.806
26.692
26.789
26.715
26.783
26.673
26.748
26.691
26.734
26.664
26.671
26.670
26.716
26.726
26.673
26.605
26.656
26.629
26.637
26.655
26.686
26.702
26.758
26.741
26.734
26.747
26.823
26.832
26.815
26.774
26.783
26.746
26.683
26.611
26.654
26.666
26.631
26.626
26.635
26.658
26.671
26.665
26.608
26.562
26.599
26.598
26.591
26.616
26.628
26.660
26.689
26.688
26.678
26.623
26.616
26.582
26.671
26.709
26.742
26.740
26.765
26.701
26.680
26.615
26.688
26.660
26.637
26.590
26.453
26.448
26.491
26.520
26.586
26.551
26.603
26.542
26.610
26.610
26.658
26.656
26.659
26.709
26.719
26.739
26.767
26.716
26.695
26.674
26.733
26.694
26.628
26.662
26.632
26.610
26.626
26.617
26.652
26.693
26.717
26.701
26.687
26.657
26.631
26.635
26.631
26.625
26.687
26.661
26.678
26.648
26.663
26.649
26.653
26.636
26.718
26.721
26.726
26.767
26.737
26.660
26.680
26.715
26.705
26.712
26.742
26.736
26.728
26.738
26.741
26.705
26.756
26.692
26.690
26.717
26.707
26.686
26.687
26.696
26.701
26.656
26.630
26.606
26.573
26.551
26.553
26.570
26.657
26.666
26.591
26.580
26.570
26.572
26.591
26.597
26.643
26.650
26.680
26.662
26.666
26.667
26.693
26.694
26.774
26.792
26.793
26.752
26.695
26.674
26.719
26.711
26.723
26.738
26.776
26.697
26.616
26.598
26.592
26.545
26.548
26.531
26.579
26.564
26.610
26.582
26.578
26.595
26.610
26.579
26.480
26.428
26.458
26.452
26.513
26.562
26.629
26.609
26.575
26.602
26.603
26.571
26.567
26.502
26.538
26.555
26.619
26.611
26.583
26.610
26.628
26.608
26.737
26.704
26.807
26.684
26.878
26.791
26.938
26.794
26.963
26.803
26.915
26.759
26.907
26.779
26.825
26.673
26.730
26.678
26.711
26.614
26.694
26.657
26.718
26.629
26.724
26.637
26.753
26.682
26.812
26.723
26.895
26.759
26.838
26.710
26.836
26.743
26.843
26.762
26.852
26.712
26.882
26.763
26.871
26.759
26.934
26.825
27.034
26.852
26.957
26.747
26.875
26.762
26.820
26.720
26.808
26.705
26.771
26.639
26.598
26.618
26.638
26.621
26.595
26.567
26.530
26.496
26.544
26.562
26.597
26.661
26.668
26.657
26.671
26.634
26.643
26.679
26.674
26.668
26.688
26.681
26.685
26.695
26.702
26.686
26.673
26.658
26.667
26.623
26.682
26.703
26.717
26.712
26.762
26.732
26.679
26.653
26.668
26.678
26.550
26.600
26.657
26.633
26.638
26.587
26.546
26.522
26.516
26.529
26.561
26.551
26.585
26.603
26.635
26.588
26.613
26.605
26.744
26.805
26.787
26.732
26.767
26.723
26.657
26.624
26.651
26.666
26.693
26.670
26.689
26.669
26.688
26.670
26.656
26.583
26.570
26.573
26.526
26.547
26.571
26.597
26.616
26.610
26.596
26.597
26.568
26.570
26.581
26.598
26.665
26.668
26.665
26.697
26.681
26.652
26.702
26.709
26.682
26.656
26.631
26.621
26.666
26.661
26.640
26.677
26.706
26.711
26.621
26.613
26.620
26.601
26.690
26.695
26.716
26.705
26.694
26.663
26.683
26.659
26.643
26.615
26.643
26.646
26.626
26.592
26.555
26.540
26.574
26.582
26.559
26.560
26.555
26.591
26.617
26.604
26.585
26.583
26.628
26.634
26.670
26.681
26.696
26.643
26.794
26.794
26.984
26.901
27.099
26.893
27.160
26.955
27.097
26.898
27.064
26.905
26.965
26.767
26.912
26.769
26.646
26.537
26.640
26.508
26.584
26.465
26.558
26.446
26.540
26.486
26.642
26.585
26.768
26.648
26.802
26.668
26.785
26.642
26.758
26.595
26.726
26.649
26.704
26.578
26.582
26.590
26.507
26.479
26.489
26.513
26.473
26.483
26.486
26.515
26.520
26.529
26.596
26.539
26.488
26.488
26.458
26.460
26.436
26.390
26.378
26.418
26.425
26.451
26.405
26.393
26.436
26.364
26.326
26.317
26.293
26.290
26.357
26.312
26.317
26.294
26.184
26.192
26.262
26.262
26.299
26.238
26.274
26.224
26.248
26.228
26.201
26.204
26.257
26.295
26.342
26.379
26.452
26.444
26.388
26.367
26.387
26.418
26.368
26.338
26.384
26.387
26.374
26.357
26.349
26.369
26.383
26.360
26.347
26.343
26.287
26.297
26.329
26.317
26.302
26.274
26.281
26.289
26.278
26.302
26.334
26.299
26.307
26.302
26.316
26.309
26.357
26.351
26.403
26.385
26.326
26.296
26.382
26.377
26.383
26.319
26.195
26.237
26.285
26.310
26.378
26.377
26.375
26.337
26.333
26.358
26.311
26.274
26.311
26.298
26.334
26.357
26.326
26.284
26.262
26.270
26.265
26.262
26.272
26.250
26.312
26.307
26.329
26.378
26.451
26.467
26.468
26.412
26.403
26.432
26.491
26.487
26.483
26.431
26.416
26.340
26.357
26.372
26.393
26.453
26.495
26.495
26.475
26.460
26.454
26.449
26.482
26.530
26.485
26.463
26.474
26.488
26.475
26.462
26.480
26.477
26.485
26.503
26.593
26.560
26.516
26.492
26.517
26.521
26.534
26.543
26.574
26.559
26.589
26.562
26.581
26.568
26.590
26.634
26.675
26.683
26.694
26.692
26.724
26.727
26.729
26.719
26.782
26.767
26.752
26.703
26.749
26.719
26.754
26.748
26.711
26.700
26.703
26.675
26.650
26.636
26.677
26.697
26.674
26.686
26.759
26.764
26.747
26.710
26.741
26.728
26.744
26.810
26.773
26.792
26.818
26.854
26.852
26.823
26.847
26.808
26.640
26.628
26.682
26.714
26.691
26.650
26.674
26.670
26.665
26.663
26.669
26.702
26.767
26.715
26.693
26.700
26.697
26.702
26.706
26.722
26.722
26.732
26.724
26.689
26.663
26.699
26.693
26.671
26.744
26.726
26.727
26.700
26.747
26.786
26.795
26.729
26.727
26.771
26.775
26.744
26.802
26.780
26.712
26.653
26.640
26.677
26.704
26.680
26.657
26.677
26.629
26.663
26.705
26.681
26.663
26.633
26.629
26.631
26.619
26.703
26.643
26.616
26.606
26.559
26.594
26.628
26.626
26.623
26.629
26.627
26.655
26.585
26.598
26.630
26.585
26.554
26.573
26.575
26.638
26.654
26.681
26.733
26.768
26.744
26.752
26.748
26.714
26.705
26.725
26.729
26.689
26.650
26.659
26.619
26.600
26.597
26.633
26.686
26.670
26.626
26.657
26.671
26.711
26.713
26.695
26.687
26.719
26.680
26.688
26.697
26.727
26.670
26.670
26.674
26.690
26.685
26.684
26.677
26.676
26.607
26.577
26.583
26.711
26.755
26.700
26.687
26.734
26.713
26.717
26.708
26.712
26.730
26.719
26.728
26.710
26.693
26.726
26.660
26.583
26.611
26.650
26.707
26.663
26.692
26.692
26.673
26.639
26.637
26.669
26.675
26.658
26.624
26.667
26.697
26.672
26.675
26.706
26.721
26.754
26.712
26.734
26.723
26.772
26.732
26.696
26.715
26.693
26.646
26.655
26.660
26.660
26.660
26.640
26.594
26.633
26.673
26.675
26.688
26.663
26.639
26.567
26.564
26.637
26.631
26.665
26.706
26.696
26.675
26.641
26.659
26.648
26.677
26.739
26.702
26.733
26.744
26.745
26.773
26.836
26.841
26.835
26.793
26.756
26.787
26.790
26.796
26.811
26.779
26.744
26.691
26.660
26.669
26.674
26.648
26.690
26.700
26.697
26.662
26.682
26.687
26.659
26.657
26.684
26.695
26.693
26.692
26.653
26.615
26.583
26.553
26.558
26.555
26.602
26.502
26.497
26.509
26.509
26.445
26.435
26.435
26.382
26.375
26.440
26.476
26.476
26.455
26.457
26.485
26.523
26.578
26.598
26.574
26.517
26.493
26.517
26.559
26.545
26.519
26.499
26.443
26.495
26.536
26.546
26.562
26.580
26.560
26.551
26.545
26.556
26.578
26.551
26.532
26.501
26.473
26.460
26.501
26.582
26.578
26.537
26.526
26.524
26.512
26.504
26.530
26.479
26.464
26.493
26.527
26.580
26.599
26.675
26.607
26.585
26.556
26.537
26.475
26.452
26.471
26.456
26.417
26.247
26.271
26.399
26.398
26.427
26.445
26.399
26.416
26.497
26.447
26.469
26.474
26.478
26.457
26.484
26.530
26.514
26.481
26.480
26.508
26.538
26.527
26.489
26.462
26.465
26.464
26.511
26.538
26.544
26.541
26.555
26.496
26.520
26.553
26.573
26.563
26.571
26.510
26.513
26.474
26.475
26.496
26.529
26.530
26.515
26.490
26.473
26.465
26.452
26.436
26.410
26.380
26.382
26.394
26.390
26.376
26.366
26.332
26.342
26.334
26.316
26.371
26.445
26.422
26.425
26.444
26.522
26.522
26.492
26.471
26.468
26.450
26.486
26.454
26.440
26.464
26.462
26.487
26.517
26.518
