38.642
35.236
34.261
33.601
33.048
32.394
32.124
31.767
31.516
31.291
31.135
31.159
31.143
31.055
31.039
31.054
31.074
31.089
31.066
31.094
31.010
31.115
31.046
31.034
31.037
30.983
30.906
30.902
30.854
30.837
28.247
28.157
27.990
27.892
27.854
27.803
27.813
27.842
27.790
27.823
27.806
27.838
27.863
27.808
27.798
27.784
27.807
27.828
27.782
27.783
27.769
27.735
27.835
27.787
27.817
27.759
27.788
27.744
27.883
27.748
28.368
28.129
28.123
27.957
28.130
27.936
28.105
27.894
28.023
27.839
27.924
27.802
27.930
27.829
27.874
27.769
27.847
27.712
27.883
27.794
27.928
27.840
27.930
27.847
28.116
27.958
28.209
27.995
27.944
27.992
28.434
28.325
28.170
28.127
28.097
28.035
28.029
28.060
28.038
28.058
28.096
28.084
28.040
28.064
28.018
28.043
28.065
28.017
28.011
28.018
28.011
28.025
28.025
28.029
28.043
28.040
28.008
28.009
27.988
27.941
28.443
28.372
28.141
28.073
28.034
28.020
28.061
28.032
27.999
27.986
27.989
27.948
27.926
27.918
27.953
27.959
27.949
27.945
27.952
27.911
27.937
27.927
27.928
27.949
27.975
27.956
27.970
27.988
28.028
27.983
28.420
28.346
28.228
28.166
28.146
28.161
28.171
28.076
28.088
28.066
28.025
27.994
28.044
28.035
28.043
28.063
28.084
28.073
28.102
28.092
28.073
28.017
28.027
28.023
28.023
28.036
28.015
28.040
28.040
28.049
28.477
28.421
28.284
28.191
28.141
28.155
28.153
28.125
28.084
28.060
28.092
28.121
28.124
28.123
28.128
28.145
28.122
28.124
28.107
28.158
28.086
28.073
28.077
28.035
28.029
28.045
28.053
28.059
28.058
28.082
28.506
28.430
28.312
28.211
28.168
28.161
28.110
28.105
28.087
28.071
28.069
28.097
28.097
28.082
28.068
28.084
28.094
28.094
28.064
28.052
28.037
28.074
28.009
27.991
28.047
28.028
28.050
28.084
28.039
28.095
28.527
28.448
28.275
28.230
28.122
28.143
28.120
28.088
28.095
28.137
28.125
28.114
28.099
28.151
28.161
28.144
28.089
28.123
28.148
28.108
28.090
28.104
28.074
28.044
28.076
28.095
28.087
28.051
28.089
28.135
28.541
28.438
28.261
28.172
28.140
28.149
28.143
28.165
28.114
28.121
28.121
28.114
28.150
28.132
28.072
28.069
28.084
28.056
28.071
28.122
28.312
28.092
28.193
28.019
28.160
28.009
28.103
27.907
27.972
27.866
28.451
28.275
28.146
27.947
28.062
27.970
28.142
28.015
28.155
28.059
28.251
28.081
28.238
28.054
28.161
28.004
28.153
28.009
28.095
27.984
28.032
27.914
27.985
27.899
27.892
27.854
27.847
27.832
27.827
27.825
28.351
28.290
28.122
27.993
27.954
27.972
27.974
27.984
27.958
27.915
27.916
27.928
27.970
27.990
27.957
27.943
27.941
27.940
27.916
27.895
27.944
27.925
27.932
27.974
27.968
27.927
27.963
27.946
27.918
27.898
28.405
28.271
28.060
27.977
27.953
27.906
27.915
27.897
27.890
27.874
27.912
27.884
27.878
27.885
27.874
27.902
27.913
27.898
27.900
27.891
27.880
27.862
27.838
27.834
27.872
27.878
27.879
27.878
27.870
27.919
28.387
28.248
28.100
28.034
27.968
27.954
27.982
27.935
27.908
27.862
27.869
27.864
27.877
27.886
27.865
27.871
27.862
27.843
27.832
27.834
27.844
27.839
27.860
27.892
27.861
27.894
27.890
27.852
27.849
27.832
28.375
28.256
28.100
28.048
28.068
27.959
28.151
28.094
28.417
28.223
28.315
28.038
28.194
27.992
28.124
27.991
28.053
27.939
28.020
27.915
27.967
27.896
27.934
27.869
28.017
27.910
28.015
27.923
28.088
27.960
28.598
28.354
28.455
28.151
28.215
28.031
28.173
27.994
28.073
27.924
27.989
27.907
27.983
27.845
27.829
27.845
27.853
27.851
27.898
27.887
27.880
27.833
27.825
27.794
27.821
27.853
27.870
27.852
27.845
27.849
28.385
28.284
28.072
28.026
27.990
27.967
27.974
27.958
27.963
27.954
27.969
27.963
27.919
27.919
27.921
27.898
27.911
27.880
27.899
27.848
27.878
27.840
27.854
27.892
27.913
27.904
27.857
27.890
27.905
27.896
28.383
28.263
28.151
28.044
27.991
27.996
27.997
27.976
27.958
27.976
27.937
27.932
27.939
27.886
27.863
27.850
27.820
27.836
27.859
27.841
27.825
27.810
27.825
27.822
27.826
27.877
27.860
27.889
27.888
27.851
28.340
28.251
28.082
27.924
27.982
27.954
27.996
27.913
28.016
27.953
28.089
27.972
28.124
28.005
28.208
28.057
28.224
28.000
28.125
27.906
28.100
27.945
28.013
27.906
27.982
27.838
27.942
27.894
27.997
27.922
28.454
28.252
28.224
28.036
28.189
28.048
28.260
28.167
28.375
28.319
28.310
28.318
28.296
28.286
28.317
28.334
28.357
28.327
28.346
28.364
28.380
28.386
28.341
28.294
28.332
28.332
28.324
28.325
28.316
28.353
28.715
28.653
28.513
28.448
28.416
28.398
28.387
28.374
28.374
28.379
28.346
28.372
28.356
28.340
28.375
28.353
28.380
28.382
28.339
28.309
28.311
28.362
28.320
28.289
28.319
28.327
28.338
28.300
28.307
28.353
28.737
28.687
28.555
28.491
28.447
28.419
28.380
28.383
28.391
28.407
28.416
28.359
28.344
28.388
28.421
28.432
28.400
28.385
28.373
28.351
28.372
28.337
28.363
28.407
28.430
28.406
28.401
28.403
28.425
28.433
28.745
28.698
28.569
28.462
28.451
28.450
28.467
28.434
28.439
28.429
28.354
28.328
28.381
28.390
28.366
28.352
28.360
28.397
28.414
28.408
28.413
28.397
28.347
28.363
28.380
28.343
28.333
28.339
28.329
28.355
28.659
28.572
28.442
28.350
28.355
28.343
28.297
28.321
28.335
28.337
28.352
28.335
28.361
28.328
28.367
28.320
28.298
28.315
28.316
28.309
28.317
28.325
28.355
28.390
28.383
28.381
28.381
28.385
28.383
28.378
28.767
28.671
28.549
28.485
28.453
28.407
28.438
28.454
28.440
28.425
28.392
28.398
28.401
28.384
28.393
28.415
28.448
28.488
28.453
28.439
28.425
28.439
28.405
28.444
28.415
28.430
28.428
28.437
28.480
28.425
28.742
28.725
28.653
28.530
28.456
28.426
28.438
28.419
28.436
28.438
28.418
28.444
28.400
28.397
28.419
28.415
28.415
28.452
28.458
28.446
28.463
28.471
28.418
28.432
28.445
28.434
28.411
28.406
28.420
28.423
28.772
28.739
28.601
28.495
28.468
28.480
28.486
28.426
28.431
28.603
28.623
28.622
28.611
28.604
28.594
28.630
28.626
28.586
28.619
28.642
28.655
28.642
28.664
28.668
28.663
28.665
28.659
28.642
28.630
28.649
28.875
28.844
28.741
28.696
28.653
28.626
28.593
28.563
28.597
28.593
28.592
28.545
28.551
28.591
28.598
28.602
28.575
28.584
28.570
28.571
28.569
28.546
28.531
28.553
28.543
28.551
28.547
28.557
28.541
28.542
28.864
28.889
28.752
28.681
28.629
28.610
28.624
28.623
28.602
28.563
28.579
28.610
28.615
28.613
28.629
28.567
28.575
28.599
28.591
28.599
28.609
28.584
28.585
28.606
28.578
28.575
28.593
28.528
28.563
28.569
28.909
28.882
28.766
28.696
28.657
28.663
28.613
28.633
28.643
28.595
28.614
28.606
28.612
28.552
28.563
28.560
28.590
28.568
28.585
28.578
28.607
28.606
28.604
28.597
28.590
28.593
28.581
28.603
28.589
28.547
28.874
28.800
28.701
28.639
28.589
28.615
28.603
28.639
28.599
28.590
28.574
28.580
28.558
28.513
28.512
28.534
28.541
28.569
28.576
28.542
28.570
28.547
28.589
28.606
28.598
28.561
28.682
28.369
28.598
28.305
28.777
28.547
28.552
28.336
28.419
28.244
28.330
28.206
28.226
28.174
28.291
28.208
28.326
28.223
28.314
28.221
28.405
28.254
28.420
28.261
28.384
28.205
28.332
28.242
28.312
28.218
28.263
28.190
28.272
28.170
28.615
28.484
28.316
28.287
28.229
28.203
28.240
28.191
28.173
28.173
28.138
28.128
28.116
28.102
28.117
28.117
28.125
28.137
28.157
28.148
28.143
28.113
28.097
28.085
28.114
28.081
28.098
28.163
28.130
28.060
28.542
28.476
28.316
28.249
28.215
28.178
28.157
28.112
28.037
28.075
28.054
28.086
28.108
28.106
28.095
28.058
28.061
28.087
28.137
28.167
28.163
28.157
28.172
28.144
28.129
28.110
28.126
28.113
28.094
28.089
28.505
28.382
28.282
28.176
28.120
28.089
28.105
28.103
28.094
28.108
28.095
28.106
28.090
28.112
28.116
28.098
28.103
28.105
28.089
28.087
28.070
28.019
28.015
28.064
28.024
28.020
28.037
28.028
28.099
28.115
28.553
28.509
28.361
28.254
28.217
28.194
28.194
28.161
28.187
28.160
28.136
28.136
28.134
28.128
28.119
28.128
28.176
28.126
28.089
28.165
28.162
28.135
28.151
28.169
28.140
28.164
28.140
28.131
28.106
28.095
28.567
28.475
28.333
28.205
28.133
28.144
28.151
28.159
28.199
28.177
28.135
28.130
28.121
28.096
28.119
28.069
28.033
28.078
28.113
28.088
28.050
28.082
28.069
28.072
28.067
28.097
28.106
28.094
28.101
28.065
28.546
28.453
28.277
28.087
28.118
28.122
28.142
28.103
28.117
28.129
28.136
28.136
28.144
28.179
28.182
28.134
28.116
28.140
28.118
28.122
28.073
28.068
28.030
28.067
28.093
28.104
28.078
28.063
28.075
28.098
28.602
28.512
28.375
28.294
28.251
28.264
28.210
28.160
28.120
28.149
28.137
28.148
28.146
28.109
28.129
28.137
28.133
28.136
28.132
28.175
28.176
28.207
28.213
28.173
28.284
28.168
28.313
28.205
28.389
28.273
28.818
28.579
28.593
28.319
28.380
28.181
28.262
28.112
28.171
28.145
28.204
28.080
28.142
28.084
28.171
28.084
28.217
28.139
28.257
28.155
28.303
28.156
28.333
28.175
28.257
28.100
28.191
28.088
28.147
28.051
28.654
28.453
28.412
28.266
28.303
28.222
28.371
28.272
28.447
28.302
28.443
28.252
28.329
28.209
28.256
28.180
28.267
28.195
28.261
28.154
28.170
28.163
28.145
28.123
28.129
28.103
28.103
28.081
28.071
28.109
28.541
28.493
28.323
28.217
28.173
28.191
28.177
28.180
28.140
28.175
28.198
28.190
28.178
28.175
28.182
28.206
28.224
28.180
28.183
28.184
28.173
28.182
28.168
28.170
28.187
28.206
28.183
28.178
28.159
28.165
28.524
28.484
28.311
28.205
28.193
28.163
28.132
28.142
28.171
28.118
28.145
28.144
28.186
28.189
28.127
28.094
28.095
28.103
28.140
28.177
28.180
28.151
28.201
28.203
28.179
28.157
28.148
28.167
28.171
28.185
28.584
28.500
28.356
28.286
28.239
28.174
28.153
28.143
28.134
28.142
28.132
28.168
28.142
28.154
28.156
28.125
28.106
28.128
28.134
28.124
28.115
28.106
28.127
28.141
28.135
28.155
28.167
28.185
28.160
28.117
28.534
28.486
28.358
28.244
28.185
28.197
28.191
28.176
28.146
28.150
28.144
28.122
28.151
28.150
28.169
28.187
28.184
28.161
28.124
28.124
28.102
28.063
28.078
28.122
28.150
28.133
28.133
28.142
28.108
28.088
28.516
28.407
28.279
28.237
28.226
28.243
28.153
28.164
28.168
28.142
28.124
28.133
28.131
28.117
28.137
28.099
28.299
28.251
28.462
28.302
28.548
28.374
28.529
28.315
28.467
28.314
28.367
28.164
28.235
28.142
28.658
28.507
28.410
28.213
28.215
28.090
28.159
28.083
28.162
28.092
28.230
28.142
28.296
28.131
28.315
28.159
28.256
28.120
28.225
28.140
28.253
28.156
28.202
28.122
28.078
28.071
28.044
28.056
28.056
28.048
28.531
28.486
28.311
28.222
28.161
28.161
28.225
28.181
28.123
28.109
28.091
28.076
28.077
28.067
28.041
28.037
28.037
28.071
28.063
28.081
28.100
28.014
27.976
27.980
28.001
27.995
28.027
28.014
28.038
27.987
28.505
28.402
28.251
28.152
28.092
28.066
28.063
28.059
28.049
28.046
28.046
28.073
28.082
28.127
28.080
28.106
28.132
28.114
28.098
28.110
28.095
28.105
28.118
28.131
28.107
28.114
28.087
28.060
28.068
28.076
28.549
28.427
28.261
28.140
28.108
28.100
28.127
28.112
28.071
28.106
28.085
28.102
28.076
28.104
28.096
28.051
28.070
28.116
28.104
28.097
28.087
28.057
28.122
28.115
28.080
28.066
28.090
28.032
28.051
28.011
28.537
28.461
28.279
28.199
28.168
28.163
28.132
28.142
28.121
28.143
28.142
28.107
28.083
28.107
28.118
28.133
28.100
28.061
28.070
28.095
28.063
28.069
28.092
28.080
28.118
28.133
28.135
28.125
28.139
28.121
28.538
28.418
28.273
28.167
28.134
28.150
28.136
28.136
28.129
28.104
28.099
28.099
28.109
28.141
28.142
28.153
28.167
28.128
28.148
28.131
28.115
28.145
28.131
28.119
28.133
28.143
28.125
28.114
28.093
28.133
28.537
28.463
28.344
28.234
28.148
28.137
28.125
28.131
28.164
28.153
28.165
28.135
28.118
28.094
28.121
28.096
28.055
28.106
28.125
28.173
28.184
28.157
28.168
28.177
28.140
28.117
28.127
28.111
28.121
28.136
28.584
28.502
28.355
28.240
28.226
28.216
28.198
28.179
28.175
28.121
28.152
28.173
28.180
28.169
28.144
28.151
28.172
28.164
28.179
28.157
28.153
28.163
28.136
28.161
28.232
28.311
28.468
28.729
29.252
30.015
33.485
32.668
33.182
35.347
38.702
37.400
36.571
35.278
34.328
33.758
33.148
32.678
32.417
32.052
31.800
31.652
31.626
31.599
31.535
31.458
31.434
31.478
31.493
31.448
31.417
31.472
31.451
31.404
31.460
31.418
28.579
28.505
28.379
28.307
28.265
28.232
28.212
28.239
28.245
28.229
28.245
28.261
28.258
28.233
28.195
28.165
28.162
28.192
28.147
28.171
28.129
28.137
28.188
28.154
28.152
28.143
28.107
28.118
28.100
28.205
28.590
28.495
28.339
28.255
28.205
28.213
28.205
28.213
28.191
28.193
28.246
28.140
28.108
28.150
28.132
28.149
28.128
28.104
28.155
28.154
28.169
28.179
28.227
28.189
28.172
28.158
28.153
28.156
28.179
28.192
28.610
28.505
28.351
28.247
28.179
28.175
28.159
28.202
28.192
28.144
28.132
28.126
28.176
28.154
28.170
28.162
28.133
28.093
28.129
28.144
28.134
28.101
28.092
28.118
28.125
28.103
28.095
28.099
28.111
28.080
28.552
28.461
28.353
28.290
28.183
28.120
28.169
28.160
28.189
28.170
28.157
28.141
28.177
28.196
28.159
28.135
28.159
28.148
28.117
28.122
28.137
28.189
28.171
28.149
28.150
28.158
28.154
28.147
28.126
28.135
28.577
28.494
28.376
28.275
28.170
28.204
28.222
28.186
28.180
28.176
28.201
28.148
28.183
28.153
28.147
28.226
28.205
28.151
28.132
28.135
28.132
28.156
28.123
28.136
28.146
28.143
28.144
28.155
28.130
28.126
28.594
28.511
28.325
28.229
28.205
28.224
28.208
28.190
28.158
28.168
28.140
28.160
28.137
28.151
28.154
28.121
28.096
28.127
28.156
28.159
28.180
28.161
28.154
28.202
28.187
28.179
28.189
28.173
28.139
28.112
28.548
28.504
28.370
28.266
28.243
28.204
28.177
28.161
28.162
28.137
28.121
28.122
28.112
28.131
28.179
28.158
28.147
28.153
28.172
28.129
28.127
28.118
28.156
28.088
28.068
28.037
28.062
28.070
28.068
28.077
28.492
28.432
28.269
28.178
28.153
28.134
28.097
28.109
28.100
28.130
28.155
28.145
28.144
28.060
28.060
28.061
28.043
28.063
28.086
28.098
28.154
28.149
28.116
28.094
28.093
28.068
28.054
28.079
28.052
28.049
28.475
28.417
28.234
28.164
28.113
28.087
28.079
28.092
28.101
28.090
28.075
28.080
28.082
28.108
28.055
28.067
28.076
28.080
28.046
28.040
28.065
28.009
28.029
28.069
28.045
28.042
28.054
28.075
28.045
28.023
28.473
28.421
28.269
28.149
28.140
28.166
28.095
28.091
28.128
28.096
28.075
28.097
28.086
28.123
28.134
28.123
28.099
28.032
28.004
28.063
28.053
28.051
28.026
28.020
28.048
28.029
28.013
28.019
28.041
28.053
28.488
28.361
28.252
28.191
28.095
28.096
28.119
28.058
28.067
28.038
28.032
28.103
28.098
28.079
28.066
28.047
28.024
28.052
28.024
27.993
28.000
28.020
28.020
27.986
27.990
27.984
28.013
28.020
28.005
28.030
28.474
28.396
28.283
28.162
28.094
28.102
28.078
28.077
28.096
28.106
28.107
28.157
28.125
28.071
28.100
28.155
28.079
28.090
28.079
28.100
