1	H	21127	21	0.015
2	P	961	1	0.034
3	P	1090	2	0.067
4	P	621	1	0.101
5	P	366	1	0.134
6	P	275	1	0.165
7	P	247	1	0.199
8	P	201	1	0.232
9	P	187	1	0.265
10	P	153	1	0.298
11	P	135	1	0.331
12	P	165	1	0.364
13	P	153	1	0.398
14	P	154	1	0.430
15	P	161	1	0.462
16	P	166	1	0.497
17	P	142	1	0.529
18	P	155	1	0.562
19	P	162	1	0.596
20	P	166	1	0.628
21	P	150	1	0.660
22	P	158	1	0.693
23	P	162	1	0.727
24	P	164	1	0.760
25	P	151	1	0.793
26	P	153	1	0.825
27	P	163	1	0.860
28	P	158	1	0.892
29	P	149	1	0.924
30	P	161	1	0.958
31	H	3134	4	0.991
32	P	325	1	1.025
33	P	139	1	1.056
34	P	170	1	1.090
35	P	164	1	1.123
36	P	153	1	1.156
37	P	182	1	1.190
38	P	183	1	1.222
39	P	156	1	1.254
40	P	177	1	1.288
41	P	161	1	1.320
42	P	171	1	1.353
43	P	155	1	1.388
44	P	150	1	1.420
45	P	168	1	1.452
46	P	161	1	1.485
47	P	152	1	1.519
48	P	174	1	1.552
49	P	167	1	1.586
50	P	171	1	1.617
51	P	164	1	1.650
52	P	174	1	1.684
53	P	166	1	1.718
54	P	169	1	1.750
55	P	159	1	1.782
56	P	157	1	1.815
57	P	161	1	1.849
58	P	160	1	1.882
59	P	161	1	1.916
60	P	157	1	1.948
61	H	3065	3	2.000
62	P	344	1	2.014
63	P	155	1	2.047
64	P	182	1	2.080
65	P	162	1	2.114
66	P	161	1	2.146
67	P	165	1	2.180
68	P	162	1	2.212
69	P	174	1	2.245
70	P	167	1	2.278
71	P	168	1	2.311
72	P	177	1	2.343
73	P	157	1	2.377
74	P	164	1	2.409
75	P	153	1	2.442
76	P	176	1	2.476
77	P	168	1	2.509
78	P	169	1	2.541
79	P	164	1	2.574
80	P	156	1	2.608
81	P	150	1	2.642
82	P	163	1	2.674
83	P	149	1	2.706
84	P	156	1	2.741
85	P	153	1	2.772
86	P	151	1	2.806
87	P	161	1	2.840
88	P	143	1	2.872
89	P	142	1	2.905
90	P	169	1	2.939
91	H	3048	3	2.971
92	P	326	1	3.005
93	P	145	1	3.037
94	P	150	1	3.070
95	P	153	1	3.102
96	P	152	1	3.136
97	P	154	1	3.169
98	P	161	1	3.201
99	P	152	1	3.236
100	P	163	1	3.268
101	P	165	1	3.301
102	P	144	1	3.334
103	P	156	1	3.367
104	P	152	1	3.400
105	P	151	1	3.433
106	P	168	1	3.467
107	P	156	1	3.500
108	P	147	1	3.533
109	P	154	1	3.567
110	P	151	1	3.600
111	P	147	1	3.633
112	P	162	1	3.667
113	P	154	1	3.700
114	P	149	1	3.733
115	P	153	1	3.767
116	P	156	1	3.800
117	P	150	1	3.833
118	P	159	1	3.867
119	P	147	1	3.900
120	P	187	1	3.933
121	H	3029	3	3.967
122	P	342	1	4.000
123	P	139	1	4.033
124	P	164	1	4.067
125	P	166	1	4.100
126	P	151	1	4.133
127	P	169	1	4.167
128	P	161	1	4.200
129	P	148	1	4.233
130	P	153	1	4.267
131	P	162	1	4.300
132	P	159	1	4.333
133	P	160	1	4.367
134	P	158	1	4.400
135	P	160	1	4.433
136	P	146	1	4.467
137	P	151	1	4.500
138	P	163	1	4.533
139	P	139	1	4.567
140	P	138	1	4.600
141	P	142	1	4.633
142	P	156	1	4.667
143	P	160	1	4.700
144	P	147	1	4.733
145	P	163	1	4.767
146	P	145	1	4.800
147	P	161	1	4.833
148	P	161	1	4.867
149	P	155	1	4.900
150	P	145	1	4.933
151	H	3004	3	4.967
152	P	341	1	5.000
153	P	146	1	5.033
154	P	155	1	5.067
155	P	159	1	5.100
156	P	162	1	5.133
157	P	158	1	5.167
158	P	153	1	5.200
159	P	162	1	5.233
160	P	164	1	5.267
161	P	146	1	5.300
162	P	155	1	5.333
163	P	159	1	5.367
164	P	160	1	5.400
165	P	157	1	5.433
166	P	156	1	5.467
167	P	168	1	5.500
168	P	147	1	5.533
169	P	156	1	5.567
170	P	148	1	5.600
171	P	145	1	5.633
172	P	149	1	5.667
173	P	163	1	5.700
174	P	142	1	5.733
175	P	162	1	5.767
176	P	159	1	5.800
177	P	150	1	5.833
178	P	142	1	5.867
179	P	151	1	5.900
180	P	153	1	5.933
181	H	2999	3	5.967
182	P	330	1	6.000
183	P	144	1	6.033
184	P	155	1	6.067
185	P	153	1	6.100
186	P	161	1	6.133
187	P	143	1	6.167
188	P	147	1	6.200
189	P	149	1	6.233
190	P	151	1	6.267
191	P	162	1	6.300
192	P	156	1	6.333
193	P	154	1	6.367
194	P	149	1	6.400
195	P	153	1	6.433
196	P	147	1	6.435
197	P	150	1	6.500
198	P	149	1	6.533
199	P	158	1	6.535
200	P	146	1	6.600
201	P	145	1	6.600
202	P	149	1	6.667
203	P	137	1	6.667
204	P	150	1	6.733
205	P	153	1	6.734
206	P	146	1	6.800
207	P	156	1	6.800
208	P	146	1	6.867
209	P	139	1	6.867
210	P	140	1	6.933
211	H	2992	3	6.934
212	P	345	1	7.000
213	P	145	1	7.000
214	P	142	1	7.067
215	P	156	1	7.067
216	P	144	1	7.133
217	P	150	1	7.134
218	P	157	1	7.200
219	P	150	1	7.200
220	P	153	1	7.267
221	P	162	1	7.267
222	P	139	1	7.333
223	P	152	1	7.334
224	P	136	1	7.400
225	P	162	1	7.400
226	P	158	1	7.467
227	P	146	1	7.467
228	P	157	1	7.533
229	P	153	1	7.534
230	P	150	1	7.600
231	P	145	1	7.600
232	P	165	1	7.667
233	P	143	1	7.667
234	P	147	1	7.733
235	P	162	1	7.734
236	P	156	1	7.800
237	P	149	1	7.800
238	P	139	1	7.867
239	P	151	1	7.867
240	P	168	1	7.933
241	H	2995	3	7.934
242	P	335	1	8.000
243	P	136	1	8.000
244	P	174	1	8.067
245	P	204	1	8.067
246	P	157	1	8.133
247	P	158	1	8.134
248	P	150	1	8.200
249	P	164	1	8.200
250	P	148	1	8.267
251	P	151	1	8.267
252	P	159	1	8.333
253	P	146	1	8.333
254	P	148	1	8.400
255	P	156	1	8.400
256	P	152	1	8.467
257	P	137	1	8.467
258	P	151	1	8.533
259	P	158	1	8.533
260	P	149	1	8.600
261	P	157	1	8.600
262	P	155	1	8.667
263	P	156	1	8.667
264	P	152	1	8.733
265	P	150	1	8.734
266	P	149	1	8.800
267	P	160	1	8.800
268	P	147	1	8.867
269	P	158	1	8.867
270	P	154	1	8.933
271	H	2976	3	8.934
272	P	330	1	9.000
273	P	135	1	9.000
274	P	167	1	9.067
275	P	160	1	9.067
276	P	160	1	9.133
277	P	163	1	9.133
278	P	141	1	9.200
279	P	160	1	9.200
280	P	162	1	9.267
281	P	158	1	9.267
282	P	151	1	9.333
283	P	152	1	9.333
284	P	151	1	9.400
285	P	158	1	9.400
286	P	143	1	9.467
287	P	153	1	9.467
288	P	152	1	9.533
289	P	148	1	9.533
290	P	166	1	9.600
291	P	155	1	9.600
292	P	159	1	9.667
293	P	140	1	9.667
294	P	164	1	9.669
295	P	143	1	9.767
296	P	148	1	9.767
297	P	147	1	9.833
298	P	167	1	9.834
299	P	145	1	9.900
300	P	165	1	9.900
301	H	3036	3	9.900
302	P	329	1	10.000
303	P	149	1	10.000
304	P	160	1	10.000
305	P	172	1	10.100
306	P	172	1	10.100
307	P	160	1	10.100
308	P	165	1	10.200
309	P	156	1	10.200
310	P	176	1	10.200
311	P	150	1	10.300
312	P	148	1	10.300
313	P	146	1	10.300
314	P	173	1	10.400
315	P	157	1	10.400
316	P	160	1	10.400
317	P	146	1	10.500
318	P	179	1	10.500
319	P	142	1	10.500
320	P	167	1	10.600
321	P	155	1	10.600
322	P	172	1	10.600
323	P	169	1	10.700
324	P	173	1	10.700
325	P	170	1	10.700
326	P	161	1	10.800
327	P	168	1	10.800
328	P	162	1	10.800
329	P	170	1	10.900
330	P	172	1	10.900
331	H	3095	4	10.900
332	P	335	1	11.000
333	P	153	1	11.000
334	P	165	1	11.000
335	P	166	1	11.100
336	P	169	1	11.100
337	P	164	1	11.100
338	P	155	1	11.200
339	P	157	1	11.200
340	P	154	1	11.200
341	P	166	1	11.300
342	P	173	1	11.300
343	P	161	1	11.300
344	P	152	1	11.400
345	P	152	1	11.400
346	P	168	1	11.400
347	P	164	1	11.500
348	P	155	1	11.500
349	P	183	1	11.500
350	P	151	1	11.600
351	P	165	1	11.600
352	P	153	1	11.600
353	P	172	1	11.700
354	P	166	1	11.700
355	P	170	1	11.700
356	P	158	1	11.800
357	P	159	1	11.800
358	P	163	1	11.800
359	P	151	1	11.900
360	P	163	1	11.900
361	H	3060	3	11.900
362	P	323	1	12.000
363	P	154	1	12.000
364	P	168	1	12.000
365	P	187	1	12.100
366	P	172	1	12.100
367	P	174	1	12.100
368	P	146	1	12.200
369	P	154	1	12.200
370	P	160	1	12.200
371	P	172	1	12.300
372	P	162	1	12.300
373	P	155	1	12.300
374	P	163	1	12.400
375	P	166	1	12.400
376	P	171	1	12.400
377	P	170	1	12.500
378	P	168	1	12.500
379	P	169	1	12.500
380	P	160	1	12.600
381	P	159	1	12.600
382	P	143	1	12.600
383	P	178	1	12.700
384	P	176	1	12.700
385	P	156	1	12.700
386	P	166	1	12.800
387	P	174	1	12.800
388	P	168	1	12.800
389	P	180	1	12.900
390	P	174	1	12.900
391	H	3044	3	12.900
392	P	332	1	13.000
393	P	160	1	13.000
394	P	168	1	13.000
395	P	161	1	13.100
396	P	171	1	13.100
397	P	169	1	13.100
398	P	155	1	13.200
399	P	152	1	13.200
400	P	156	1	13.200
401	P	163	1	13.200
402	P	159	1	13.333
403	P	155	1	13.334
404	P	159	1	13.334
405	P	159	1	13.334
406	P	169	1	13.467
407	P	171	1	13.467
408	P	168	1	13.467
409	P	151	1	13.467
410	P	160	1	13.600
411	P	159	1	13.600
412	P	174	1	13.600
413	P	158	1	13.600
414	P	152	1	13.733
415	P	161	1	13.733
416	P	167	1	13.734
417	P	145	1	13.734
418	P	152	1	13.867
419	P	168	1	13.867
420	P	176	1	13.867
421	H	3013	3	13.867
422	P	341	1	14.000
423	P	142	1	14.000
424	P	169	1	14.000
425	P	154	1	14.000
426	P	162	1	14.133
427	P	153	1	14.134
428	P	146	1	14.134
429	P	155	1	14.134
430	P	135	1	14.267
431	P	141	1	14.267
432	P	160	1	14.267
433	P	144	1	14.267
434	P	155	1	14.400
435	P	155	1	14.400
436	P	163	1	14.400
437	P	141	1	14.400
438	P	152	1	14.534
439	P	142	1	14.534
440	P	162	1	14.534
441	P	147	1	14.534
442	P	162	1	14.667
443	P	152	1	14.667
444	P	161	1	14.667
445	P	152	1	14.667
446	P	151	1	14.800
447	P	154	1	14.800
448	P	150	1	14.800
449	P	153	1	14.800
450	P	141	1	14.933
451	H	2969	3	14.934
452	P	335	1	14.934
453	P	143	1	14.934
454	P	149	1	15.067
455	P	140	1	15.067
456	P	167	1	15.067
457	P	156	1	15.067
458	P	160	1	15.200
459	P	142	1	15.200
460	P	166	1	15.200
461	P	156	1	15.200
462	P	170	1	15.333
463	P	149	1	15.334
464	P	157	1	15.334
465	P	155	1	15.334
466	P	173	1	15.467
467	P	146	1	15.467
468	P	161	1	15.467
469	P	163	1	15.467
470	P	145	1	15.600
471	P	151	1	15.600
472	P	152	1	15.600
473	P	148	1	15.600
474	P	148	1	15.733
475	P	166	1	15.734
476	P	158	1	15.734
477	P	143	1	15.734
478	P	152	1	15.867
479	P	160	1	15.867
480	P	156	1	15.867
481	H	3040	3	15.867
482	P	330	1	16.000
483	P	148	1	16.000
484	P	152	1	16.000
485	P	167	1	16.000
486	P	167	1	16.133
487	P	150	1	16.134
488	P	162	1	16.134
489	P	166	1	16.134
490	P	153	1	16.267
491	P	160	1	16.267
492	P	161	1	16.267
493	P	152	1	16.267
494	P	170	1	16.400
495	P	160	1	16.400
496	P	154	1	16.400
497	P	163	1	16.400
498	P	162	1	16.402
499	P	155	1	16.567
500	P	155	1	16.567
501	P	162	1	16.567
502	P	158	1	16.567
503	P	177	1	16.567
504	P	152	1	16.733
505	P	156	1	16.734
506	P	159	1	16.734
507	P	153	1	16.734
508	P	166	1	16.734
509	P	157	1	16.900
510	P	163	1	16.900
511	H	3046	3	16.900
512	P	330	1	16.900
513	P	152	1	16.900
514	P	148	1	17.067
515	P	169	1	17.067
516	P	165	1	17.067
517	P	167	1	17.067
518	P	173	1	17.067
519	P	146	1	17.233
520	P	150	1	17.234
521	P	155	1	17.234
522	P	163	1	17.234
523	P	162	1	17.234
524	P	149	1	17.400
525	P	155	1	17.400
526	P	156	1	17.400
527	P	166	1	17.400
528	P	160	1	17.400
529	P	149	1	17.567
530	P	164	1	17.567
531	P	161	1	17.567
532	P	162	1	17.567
533	P	158	1	17.567
534	P	150	1	17.733
535	P	162	1	17.734
536	P	154	1	17.734
537	P	148	1	17.734
538	P	145	1	17.734
539	P	153	1	17.900
540	P	157	1	17.900
541	H	3104	4	17.900
542	P	337	1	17.900
543	P	150	1	17.900
544	P	147	1	18.067
545	P	143	1	18.067
546	P	177	1	18.067
547	P	156	1	18.067
548	P	174	1	18.067
549	P	165	1	18.233
550	P	144	1	18.233
551	P	167	1	18.234
552	P	164	1	18.234
553	P	155	1	18.234
554	P	159	1	18.400
555	P	149	1	18.400
556	P	154	1	18.400
557	P	148	1	18.400
558	P	147	1	18.400
559	P	150	1	18.567
560	P	162	1	18.567
561	P	166	1	18.567
562	P	166	1	18.567
563	P	150	1	18.567
564	P	160	1	18.733
565	P	153	1	18.734
566	P	159	1	18.734
567	P	156	1	18.734
568	P	178	1	18.734
569	P	159	1	18.900
570	P	156	1	18.900
571	H	2990	3	18.900
572	P	333	1	18.900
573	P	135	1	18.900
574	P	147	1	19.067
575	P	153	1	19.067
576	P	155	1	19.067
577	P	148	1	19.067
578	P	153	1	19.067
579	P	166	1	19.233
580	P	150	1	19.234
581	P	149	1	19.234
582	P	139	1	19.234
583	P	152	1	19.234
584	P	149	1	19.400
585	P	144	1	19.400
586	P	140	1	19.400
587	P	135	1	19.400
588	P	149	1	19.400
589	P	138	1	19.567
590	P	132	1	19.567
591	P	146	1	19.567
592	P	140	1	19.567
593	P	131	1	19.567
594	P	144	1	19.733
595	P	153	1	19.734
596	P	130	1	19.734
597	P	150	1	19.734
598	P	140	1	19.734
599	P	145	1	19.735
600	P	140	1	19.933
601	H	2912	3	19.934
602	P	337	1	19.934
603	P	139	1	19.934
604	P	150	1	19.934
605	P	134	1	19.934
606	P	138	1	20.134
607	P	135	1	20.134
608	P	152	1	20.134
609	P	152	1	20.134
610	P	141	1	20.134
611	P	138	1	20.134
612	P	139	1	20.333
613	P	147	1	20.334
614	P	153	1	20.334
615	P	140	1	20.334
616	P	138	1	20.334
617	P	156	1	20.334
618	P	131	1	20.533
619	P	132	1	20.533
620	P	140	1	20.534
621	P	147	1	20.534
622	P	143	1	20.534
623	P	137	1	20.534
624	P	138	1	20.733
625	P	137	1	20.733
626	P	137	1	20.734
627	P	135	1	20.734
628	P	135	1	20.734
629	P	141	1	20.734
630	P	132	1	20.933
631	H	2939	3	20.934
632	P	328	1	20.934
633	P	122	1	20.934
634	P	144	1	20.934
635	P	149	1	20.934
636	P	141	1	21.133
637	P	151	1	21.133
638	P	143	1	21.134
639	P	133	1	21.134
640	P	142	1	21.134
641	P	144	1	21.134
642	P	128	1	21.333
643	P	138	1	21.334
644	P	146	1	21.334
645	P	138	1	21.334
646	P	134	1	21.334
647	P	135	1	21.334
648	P	139	1	21.533
649	P	135	1	21.534
650	P	134	1	21.534
651	P	144	1	21.534
652	P	136	1	21.534
653	P	133	1	21.534
654	P	135	1	21.733
655	P	136	1	21.734
656	P	136	1	21.734
657	P	135	1	21.734
658	P	132	1	21.734
659	P	132	1	21.734
660	P	123	1	21.933
661	H	2910	3	21.934
662	P	335	1	21.934
663	P	127	1	21.934
664	P	145	1	21.934
665	P	140	1	21.934
666	P	140	1	22.134
667	P	145	1	22.134
668	P	133	1	22.134
669	P	137	1	22.134
670	P	132	1	22.134
671	P	136	1	22.134
672	P	143	1	22.333
673	P	131	1	22.334
674	P	147	1	22.334
675	P	143	1	22.334
676	P	148	1	22.334
677	P	142	1	22.334
678	P	142	1	22.533
679	P	132	1	22.534
680	P	133	1	22.534
681	P	134	1	22.534
682	P	126	1	22.534
683	P	136	1	22.534
684	P	140	1	22.733
685	P	137	1	22.734
686	P	131	1	22.734
687	P	141	1	22.734
688	P	138	1	22.734
689	P	133	1	22.734
690	P	143	1	22.933
691	H	2924	3	22.934
692	P	329	1	22.934
693	P	135	1	22.934
694	P	144	1	22.934
695	P	147	1	22.934
696	P	148	1	23.133
697	P	133	1	23.134
698	P	144	1	23.134
699	P	140	1	23.134
700	P	141	1	23.134
701	P	135	1	23.134
702	P	142	1	23.134
703	P	143	1	23.367
704	P	139	1	23.367
705	P	141	1	23.367
706	P	131	1	23.367
707	P	138	1	23.367
708	P	138	1	23.367
709	P	133	1	23.367
710	P	136	1	23.600
711	P	143	1	23.600
712	P	155	1	23.600
713	P	142	1	23.600
714	P	139	1	23.600
715	P	139	1	23.600
716	P	150	1	23.600
717	P	138	1	23.833
718	P	145	1	23.834
719	P	140	1	23.834
720	P	139	1	23.834
721	H	2915	3	23.834
722	P	336	1	23.834
723	P	137	1	23.834
724	P	137	1	24.067
725	P	149	1	24.067
726	P	137	1	24.067
727	P	143	1	24.067
728	P	146	1	24.067
729	P	144	1	24.067
730	P	151	1	24.067
731	P	143	1	24.300
732	P	148	1	24.300
733	P	142	1	24.300
734	P	143	1	24.300
735	P	157	1	24.300
736	P	145	1	24.300
737	P	144	1	24.300
738	P	151	1	24.533
739	P	147	1	24.534
740	P	146	1	24.534
741	P	134	1	24.534
742	P	186	1	24.534
743	P	130	1	24.534
744	P	141	1	24.534
745	P	144	1	24.767
746	P	134	1	24.767
747	P	141	1	24.767
748	P	133	1	24.767
749	P	138	1	24.767
750	P	141	1	24.767
751	H	2930	3	24.767
752	P	327	1	25.000
753	P	128	1	25.000
754	P	140	1	25.000
755	P	142	1	25.000
756	P	137	1	25.000
757	P	134	1	25.000
758	P	143	1	25.000
759	P	132	1	25.233
760	P	136	1	25.234
761	P	133	1	25.234
762	P	137	1	25.234
763	P	155	1	25.234
764	P	130	1	25.234
765	P	145	1	25.234
766	P	142	1	25.467
767	P	143	1	25.467
768	P	140	1	25.467
769	P	130	1	25.467
770	P	137	1	25.467
771	P	128	1	25.467
772	P	145	1	25.467
773	P	131	1	25.700
774	P	137	1	25.700
775	P	148	1	25.700
776	P	126	1	25.700
777	P	141	1	25.700
778	P	129	1	25.700
779	P	132	1	25.700
780	P	147	1	25.933
781	H	2891	3	25.934
782	P	331	1	25.934
783	P	132	1	25.934
784	P	145	1	25.934
785	P	135	1	25.934
786	P	155	1	25.934
787	P	128	1	26.167
788	P	129	1	26.167
789	P	143	1	26.167
790	P	139	1	26.167
791	P	142	1	26.167
792	P	136	1	26.167
793	P	144	1	26.167
794	P	135	1	26.400
795	P	139	1	26.400
796	P	141	1	26.400
797	P	135	1	26.400
798	P	138	1	26.400
799	P	137	1	26.400
800	P	132	1	26.400
801	P	135	1	26.400
802	P	132	1	26.667
803	P	145	1	26.667
804	P	137	1	26.667
805	P	135	1	26.667
806	P	131	1	26.667
807	P	130	1	26.667
808	P	131	1	26.667
809	P	137	1	26.667
810	P	140	1	26.933
811	H	2818	3	26.934
812	P	338	1	26.934
813	P	133	1	26.934
814	P	134	1	26.934
815	P	137	1	26.934
816	P	134	1	26.934
817	P	135	1	26.934
818	P	136	1	27.200
819	P	132	1	27.200
820	P	136	1	27.200
821	P	137	1	27.200
822	P	134	1	27.200
823	P	126	1	27.200
824	P	140	1	27.200
825	P	129	1	27.200
826	P	137	1	27.467
827	P	141	1	27.467
828	P	128	1	27.467
829	P	138	1	27.467
830	P	150	1	27.467
831	P	128	1	27.467
832	P	130	1	27.467
833	P	131	1	27.467
834	P	135	1	27.733
835	P	136	1	27.734
836	P	139	1	27.734
837	P	130	1	27.734
838	P	131	1	27.734
839	P	126	1	27.734
840	P	138	1	27.734
841	H	2823	3	27.734
842	P	338	1	28.000
843	P	122	1	28.000
844	P	139	1	28.000
845	P	138	1	28.000
846	P	143	1	28.000
847	P	125	1	28.000
848	P	130	1	28.000
849	P	133	1	28.000
850	P	133	1	28.267
851	P	143	1	28.267
852	P	140	1	28.267
853	P	139	1	28.267
854	P	128	1	28.267
855	P	135	1	28.267
856	P	132	1	28.267
857	P	127	1	28.267
858	P	145	1	28.533
859	P	142	1	28.534
860	P	133	1	28.534
861	P	137	1	28.534
862	P	128	1	28.534
863	P	134	1	28.534
864	P	139	1	28.534
865	P	136	1	28.534
866	P	138	1	28.800
867	P	130	1	28.800
868	P	123	1	28.800
869	P	142	1	28.800
870	P	128	1	28.800
871	H	2824	3	28.800
872	P	323	1	28.800
873	P	127	1	28.800
874	P	137	1	29.067
875	P	135	1	29.067
876	P	135	1	29.067
877	P	140	1	29.067
878	P	137	1	29.067
879	P	143	1	29.067
880	P	131	1	29.067
881	P	142	1	29.067
882	P	146	1	29.333
883	P	135	1	29.334
884	P	138	1	29.334
885	P	143	1	29.334
886	P	134	1	29.334
887	P	133	1	29.334
888	P	122	1	29.334
889	P	140	1	29.334
890	P	130	1	29.600
891	P	131	1	29.600
892	P	139	1	29.600
893	P	138	1	29.600
894	P	138	1	29.600
895	P	134	1	29.600
896	P	134	1	29.600
897	P	131	1	29.600
898	P	135	1	29.602
899	P	135	1	29.900
900	P	136	1	29.900
901	H	2818	3	29.900
902	P	332	1	29.900
903	P	121	1	29.900
904	P	131	1	29.900
905	P	141	1	29.900
906	P	141	1	29.900
907	P	133	1	29.900
908	P	142	1	30.200
909	P	122	1	30.200
910	P	136	1	30.200
911	P	135	1	30.200
912	P	126	1	30.200
913	P	137	1	30.200
914	P	134	1	30.200
915	P	135	1	30.200
916	P	142	1	30.200
917	P	136	1	30.500
918	P	139	1	30.500
919	P	139	1	30.500
920	P	128	1	30.500
921	P	143	1	30.500
922	P	135	1	30.500
923	P	146	1	30.500
924	P	140	1	30.500
925	P	133	1	30.500
926	P	132	1	30.800
927	P	136	1	30.800
928	P	146	1	30.800
929	P	141	1	30.800
930	P	151	1	30.800
931	H	2844	3	30.800
932	P	345	1	30.800
933	P	133	1	30.800
934	P	155	1	30.800
935	P	152	1	31.100
936	P	158	1	31.100
937	P	142	1	31.100
938	P	142	1	31.100
939	P	142	1	31.100
940	P	150	1	31.100
941	P	139	1	31.100
942	P	154	1	31.100
943	P	136	1	31.100
944	P	150	1	31.400
945	P	147	1	31.400
946	P	149	1	31.400
947	P	152	1	31.400
948	P	139	1	31.400
949	P	139	1	31.400
950	P	145	1	31.400
951	P	141	1	31.400
952	P	136	1	31.400
953	P	147	1	31.700
954	P	155	1	31.700
955	P	138	1	31.700
956	P	146	1	31.700
957	P	136	1	31.700
958	P	149	1	31.700
959	P	146	1	31.700
960	P	137	1	31.700
961	H	2917	3	31.700
962	P	346	1	32.000
963	P	135	1	32.000
964	P	151	1	32.000
965	P	147	1	32.000
966	P	149	1	32.000
967	P	163	1	32.000
968	P	150	1	32.000
969	P	137	1	32.000
970	P	159	1	32.000
971	P	144	1	32.300
972	P	155	1	32.300
973	P	154	1	32.300
974	P	141	1	32.300
975	P	151	1	32.300
976	P	139	1	32.300
977	P	153	1	32.300
978	P	148	1	32.300
979	P	143	1	32.300
980	P	144	1	32.600
981	P	143	1	32.600
982	P	146	1	32.600
983	P	141	1	32.600
984	P	146	1	32.600
985	P	155	1	32.600
986	P	152	1	32.600
987	P	154	1	32.600
988	P	151	1	32.600
989	P	145	1	32.900
990	P	150	1	32.900
991	H	2941	3	32.900
992	P	339	1	32.900
993	P	137	1	32.900
994	P	156	1	32.900
995	P	159	1	32.900
996	P	147	1	32.900
997	P	156	1	32.900
998	P	139	1	33.200
999	P	147	1	33.200
1000	P	163	1	33.200
1001	P	144	1	33.200
1002	P	152	1	33.200
1003	P	144	1	33.200
1004	P	153	1	33.200
1005	P	148	1	33.200
1006	P	150	1	33.200
1007	P	150	1	33.200
1008	P	162	1	33.533
1009	P	147	1	33.534
1010	P	151	1	33.534
1011	P	158	1	33.534
1012	P	150	1	33.534
1013	P	137	1	33.534
1014	P	145	1	33.534
1015	P	130	1	33.534
1016	P	150	1	33.534
1017	P	140	1	33.534
1018	P	152	1	33.867
1019	P	147	1	33.867
1020	P	147	1	33.867
1021	H	2945	3	33.867
1022	P	342	1	33.867
1023	P	155	1	33.867
1024	P	155	1	33.867
1025	P	156	1	33.867
1026	P	157	1	33.867
1027	P	149	1	33.867
1028	P	156	1	34.200
1029	P	159	1	34.200
1030	P	156	1	34.200
1031	P	153	1	34.200
1032	P	156	1	34.200
1033	P	155	1	34.200
1034	P	158	1	34.200
1035	P	157	1	34.200
1036	P	139	1	34.200
1037	P	148	1	34.200
1038	P	154	1	34.533
1039	P	152	1	34.534
1040	P	154	1	34.534
1041	P	155	1	34.534
1042	P	154	1	34.534
1043	P	162	1	34.534
1044	P	151	1	34.534
1045	P	144	1	34.534
1046	P	151	1	34.534
1047	P	145	1	34.534
1048	P	141	1	34.867
1049	P	154	1	34.867
1050	P	139	1	34.867
1051	H	2945	3	34.867
1052	P	352	1	34.867
1053	P	130	1	34.867
1054	P	147	1	34.867
1055	P	154	1	34.867
1056	P	137	1	34.867
1057	P	148	1	34.867
1058	P	147	1	35.200
1059	P	151	1	35.200
1060	P	148	1	35.200
1061	P	128	1	35.200
1062	P	142	1	35.200
1063	P	157	1	35.200
1064	P	139	1	35.200
1065	P	151	1	35.200
1066	P	160	1	35.200
1067	P	142	1	35.200
1068	P	155	1	35.533
1069	P	162	1	35.534
1070	P	160	1	35.534
1071	P	150	1	35.534
1072	P	143	1	35.534
1073	P	146	1	35.534
1074	P	147	1	35.534
1075	P	148	1	35.534
1076	P	149	1	35.534
1077	P	153	1	35.534
1078	P	149	1	35.867
1079	P	147	1	35.867
1080	P	144	1	35.867
1081	H	2964	3	35.867
1082	P	328	1	35.867
1083	P	134	1	35.867
1084	P	142	1	35.867
1085	P	151	1	35.867
1086	P	153	1	35.867
1087	P	147	1	35.867
1088	P	152	1	36.200
1089	P	144	1	36.200
1090	P	142	1	36.200
1091	P	148	1	36.200
1092	P	154	1	36.200
1093	P	136	1	36.200
1094	P	154	1	36.200
1095	P	154	1	36.200
1096	P	149	1	36.200
1097	P	155	1	36.200
1098	P	152	1	36.202
1099	P	161	1	36.567
1100	P	147	1	36.567
1101	P	151	1	36.567
1102	P	149	1	36.567
1103	P	146	1	36.567
1104	P	160	1	36.567
1105	P	148	1	36.567
1106	P	159	1	36.567
1107	P	142	1	36.567
1108	P	154	1	36.567
1109	P	157	1	36.567
1110	P	145	1	36.933
1111	H	2989	3	36.934
1112	P	326	1	36.934
1113	P	144	1	36.934
1114	P	195	1	36.934
1115	P	149	1	36.934
1116	P	153	1	36.934
1117	P	149	1	36.934
1118	P	159	1	36.934
1119	P	168	1	36.934
1120	P	155	1	36.934
1121	P	157	1	37.300
1122	P	165	1	37.300
1123	P	159	1	37.300
1124	P	166	1	37.300
1125	P	153	1	37.300
1126	P	156	1	37.300
1127	P	156	1	37.300
1128	P	146	1	37.300
1129	P	145	1	37.300
1130	P	150	1	37.300
1131	P	167	1	37.300
1132	P	145	1	37.667
1133	P	149	1	37.667
1134	P	155	1	37.667
1135	P	136	1	37.667
1136	P	163	1	37.667
1137	P	150	1	37.667
1138	P	156	1	37.667
1139	P	151	1	37.667
1140	P	158	1	37.667
1141	H	2955	3	37.667
1142	P	331	1	37.667
1143	P	133	1	38.033
1144	P	149	1	38.034
1145	P	164	1	38.034
1146	P	144	1	38.034
1147	P	146	1	38.034
1148	P	160	1	38.034
1149	P	147	1	38.034
1150	P	158	1	38.034
1151	P	151	1	38.034
1152	P	171	1	38.034
1153	P	157	1	38.034
1154	P	148	1	38.400
1155	P	145	1	38.400
1156	P	156	1	38.400
1157	P	144	1	38.400
1158	P	143	1	38.400
1159	P	155	1	38.400
1160	P	151	1	38.400
1161	P	167	1	38.400
1162	P	152	1	38.400
1163	P	144	1	38.400
1164	P	145	1	38.400
1165	P	155	1	38.767
1166	P	149	1	38.767
1167	P	147	1	38.767
1168	P	138	1	38.767
1169	P	146	1	38.767
1170	P	150	1	38.767
1171	H	2868	3	38.767
1172	P	333	1	38.767
1173	P	130	1	38.767
1174	P	147	1	38.767
1175	P	155	1	38.767
1176	P	160	1	39.133
1177	P	137	1	39.134
1178	P	152	1	39.134
1179	P	138	1	39.134
1180	P	165	1	39.134
1181	P	141	1	39.134
1182	P	148	1	39.134
1183	P	162	1	39.134
1184	P	149	1	39.134
1185	P	150	1	39.134
1186	P	151	1	39.134
1187	P	141	1	39.500
1188	P	150	1	39.500
1189	P	145	1	39.500
1190	P	141	1	39.500
1191	P	145	1	39.500
1192	P	145	1	39.500
1193	P	140	1	39.500
1194	P	148	1	39.500
1195	P	141	1	39.500
1196	P	158	1	39.500
1197	P	135	1	39.500
1198	P	156	1	39.867
1199	P	137	1	39.867
1200	P	167	1	39.867
1201	H	2931	3	39.867
1202	P	330	1	39.867
1203	P	145	1	39.867
1204	P	154	1	39.867
1205	P	138	1	39.867
1206	P	158	1	39.867
1207	P	136	1	39.867
1208	P	149	1	39.867
1209	P	143	1	39.867
1210	P	143	1	40.267
1211	P	147	1	40.267
1212	P	141	1	40.267
1213	P	138	1	40.267
1214	P	142	1	40.267
1215	P	140	1	40.267
1216	P	146	1	40.267
1217	P	140	1	40.267
1218	P	147	1	40.267
1219	P	136	1	40.267
1220	P	160	1	40.267
1221	P	146	1	40.267
1222	P	134	1	40.668
1223	P	145	1	40.668
1224	P	149	1	40.668
1225	P	150	1	40.668
1226	P	152	1	40.668
1227	P	140	1	40.668
1228	P	147	1	40.668
1229	P	146	1	40.668
1230	P	153	1	40.668
1231	H	2957	3	40.668
1232	P	336	1	40.668
1233	P	142	1	40.668
1234	P	160	1	41.067
1235	P	145	1	41.067
1236	P	163	1	41.067
1237	P	151	1	41.067
1238	P	144	1	41.067
1239	P	146	1	41.067
1240	P	151	1	41.067
1241	P	146	1	41.067
1242	P	148	1	41.067
1243	P	137	1	41.067
1244	P	144	1	41.067
1245	P	162	1	41.067
1246	P	156	1	41.467
1247	P	155	1	41.467
1248	P	139	1	41.467
1249	P	146	1	41.467
1250	P	146	1	41.467
1251	P	138	1	41.467
1252	P	144	1	41.467
1253	P	137	1	41.467
1254	P	145	1	41.467
1255	P	142	1	41.467
1256	P	147	1	41.467
1257	P	137	1	41.467
1258	P	158	1	41.867
1259	P	139	1	41.867
1260	P	150	1	41.867
1261	H	2935	3	41.867
1262	P	335	1	41.867
1263	P	128	1	41.867
1264	P	152	1	41.867
1265	P	135	1	41.867
1266	P	150	1	41.867
1267	P	149	1	41.867
1268	P	149	1	41.867
1269	P	150	1	41.867
1270	P	148	1	42.267
1271	P	148	1	42.267
1272	P	146	1	42.267
1273	P	145	1	42.267
1274	P	135	1	42.267
1275	P	139	1	42.267
1276	P	151	1	42.267
1277	P	147	1	42.267
1278	P	151	1	42.267
1279	P	137	1	42.267
1280	P	137	1	42.267
1281	P	149	1	42.267
1282	P	147	1	42.667
1283	P	144	1	42.667
1284	P	150	1	42.667
1285	P	141	1	42.667
1286	P	150	1	42.667
1287	P	139	1	42.667
1288	P	148	1	42.667
1289	P	143	1	42.667
1290	P	153	1	42.667
1291	H	2960	3	42.667
1292	P	328	1	42.667
1293	P	137	1	42.667
1294	P	157	1	43.067
1295	P	140	1	43.067
1296	P	134	1	43.067
1297	P	154	1	43.067
1298	P	151	1	43.067
1299	P	148	1	43.067
1300	P	150	1	43.067
1301	P	157	1	43.067
1302	P	150	1	43.067
1303	P	147	1	43.067
1304	P	153	1	43.067
1305	P	157	1	43.067
1306	P	145	1	43.067
1307	P	150	1	43.500
1308	P	159	1	43.500
1309	P	154	1	43.500
1310	P	153	1	43.500
1311	P	142	1	43.500
1312	P	146	1	43.500
1313	P	159	1	43.500
1314	P	143	1	43.500
1315	P	146	1	43.500
1316	P	149	1	43.500
1317	P	136	1	43.500
1318	P	152	1	43.500
1319	P	137	1	43.500
1320	P	140	1	43.933
1321	H	2981	3	43.934
1322	P	332	1	43.934
1323	P	147	1	43.934
1324	P	151	1	43.934
1325	P	145	1	43.934
1326	P	156	1	43.934
1327	P	145	1	43.934
1328	P	154	1	43.934
1329	P	148	1	43.934
1330	P	153	1	43.934
1331	P	134	1	43.934
1332	P	142	1	43.934
1333	P	149	1	44.367
1334	P	149	1	44.367
1335	P	148	1	44.367
1336	P	144	1	44.367
1337	P	147	1	44.367
1338	P	141	1	44.367
1339	P	144	1	44.367
1340	P	144	1	44.367
1341	P	150	1	44.367
1342	P	134	1	44.367
1343	P	150	1	44.367
1344	P	140	1	44.367
1345	P	153	1	44.367
1346	P	154	1	44.800
1347	P	150	1	44.800
1348	P	151	1	44.800
1349	P	143	1	44.800
1350	P	147	1	44.800
1351	H	2964	3	44.800
1352	P	330	1	44.800
1353	P	155	1	44.800
1354	P	150	1	44.800
1355	P	154	1	44.800
1356	P	164	1	44.800
1357	P	136	1	44.800
1358	P	164	1	44.800
1359	P	154	1	45.233
1360	P	160	1	45.234
1361	P	155	1	45.234
1362	P	149	1	45.234
1363	P	159	1	45.234
1364	P	164	1	45.234
1365	P	140	1	45.234
1366	P	146	1	45.234
1367	P	157	1	45.234
1368	P	139	1	45.234
1369	P	136	1	45.234
1370	P	135	1	45.234
1371	P	139	1	45.234
1372	P	143	1	45.667
1373	P	146	1	45.667
1374	P	148	1	45.667
1375	P	141	1	45.667
1376	P	142	1	45.667
1377	P	128	1	45.667
1378	P	145	1	45.667
1379	P	131	1	45.667
1380	P	157	1	45.667
1381	H	2949	3	45.667
1382	P	338	1	45.667
1383	P	138	1	45.667
1384	P	146	1	45.667
1385	P	146	1	46.100
1386	P	151	1	46.100
1387	P	143	1	46.100
1388	P	161	1	46.100
1389	P	148	1	46.100
1390	P	149	1	46.100
1391	P	151	1	46.100
1392	P	145	1	46.100
1393	P	141	1	46.100
1394	P	124	1	46.100
1395	P	140	1	46.100
1396	P	149	1	46.100
1397	P	142	1	46.100
1398	P	143	1	46.101
1399	P	137	1	46.567
1400	P	154	1	46.567
1401	P	136	1	46.567
1402	P	155	1	46.567
1403	P	155	1	46.567
1404	P	163	1	46.567
1405	P	144	1	46.567
1406	P	149	1	46.567
1407	P	150	1	46.567
1408	P	159	1	46.567
1409	P	148	1	46.567
1410	P	145	1	46.567
1411	H	2995	3	46.567
1412	P	338	1	46.567
1413	P	130	1	47.033
1414	P	155	1	47.034
1415	P	154	1	47.034
1416	P	145	1	47.034
1417	P	155	1	47.034
1418	P	150	1	47.034
1419	P	152	1	47.034
1420	P	146	1	47.034
1421	P	151	1	47.034
1422	P	164	1	47.034
1423	P	155	1	47.034
1424	P	154	1	47.034
1425	P	152	1	47.034
1426	P	140	1	47.034
1427	P	163	1	47.500
1428	P	155	1	47.500
1429	P	141	1	47.500
1430	P	149	1	47.500
1431	P	150	1	47.500
1432	P	156	1	47.500
1433	P	159	1	47.500
1434	P	163	1	47.500
1435	P	155	1	47.500
1436	P	155	1	47.500
1437	P	160	1	47.500
1438	P	151	1	47.500
1439	P	162	1	47.500
1440	P	136	1	47.500
1441	H	2998	3	47.967
1442	P	336	1	47.967
1443	P	137	1	47.967
1444	P	151	1	47.967
1445	P	156	1	47.967
1446	P	146	1	47.967
1447	P	152	1	47.967
1448	P	159	1	47.967
1449	P	156	1	47.967
1450	P	146	1	47.967
1451	P	153	1	47.967
1452	P	157	1	47.967
1453	P	155	1	47.967
1454	P	157	1	47.967
1455	P	139	1	48.433
1456	P	161	1	48.434
1457	P	151	1	48.434
1458	P	153	1	48.434
1459	P	151	1	48.434
1460	P	155	1	48.434
1461	P	152	1	48.434
1462	P	156	1	48.434
1463	P	154	1	48.434
1464	P	148	1	48.434
1465	P	134	1	48.434
1466	P	149	1	48.434
1467	P	144	1	48.434
1468	P	153	1	48.434
1469	P	152	1	48.900
1470	P	148	1	48.900
1471	H	2960	3	48.900
1472	P	334	1	48.900
1473	P	142	1	48.900
1474	P	140	1	48.900
1475	P	165	1	48.900
1476	P	149	1	48.900
1477	P	157	1	48.900
1478	P	151	1	48.900
1479	P	157	1	48.900
1480	P	159	1	48.900
1481	P	147	1	48.900
1482	P	155	1	48.900
1483	P	153	1	49.367
1484	P	158	1	49.367
1485	P	150	1	49.367
1486	P	156	1	49.367
1487	P	192	1	49.367
1488	P	148	1	49.367
1489	P	140	1	49.367
1490	P	146	1	49.367
1491	P	138	1	49.367
1492	P	149	1	49.367
1493	P	153	1	49.367
1494	P	143	1	49.367
1495	P	148	1	49.367
1496	P	140	1	49.367
1497	P	151	1	49.369
1498	P	139	1	49.867
1499	P	151	1	49.867
1500	P	157	1	49.867
1501	H	2996	3	49.867
1502	P	336	1	49.867
1503	P	131	1	49.867
1504	P	161	1	49.867
1505	P	161	1	49.867
1506	P	153	1	49.867
1507	P	148	1	49.867
1508	P	165	1	49.867
1509	P	145	1	49.867
1510	P	158	1	49.867
1511	P	150	1	49.867
1512	P	142	1	49.867
1513	P	139	1	50.367
1514	P	158	1	50.367
1515	P	141	1	50.367
1516	P	146	1	50.367
1517	P	143	1	50.367
1518	P	147	1	50.367
1519	P	155	1	50.367
1520	P	144	1	50.367
1521	P	138	1	50.367
1522	P	153	1	50.367
1523	P	146	1	50.367
1524	P	161	1	50.367
1525	P	161	1	50.367
1526	P	145	1	50.367
1527	P	149	1	50.367
1528	P	147	1	50.867
1529	P	143	1	50.867
1530	P	143	1	50.867
1531	H	2936	3	50.867
1532	P	331	1	50.867
1533	P	143	1	50.867
1534	P	154	1	50.867
1535	P	158	1	50.867
1536	P	155	1	50.867
1537	P	140	1	50.867
1538	P	155	1	50.867
1539	P	145	1	50.867
1540	P	149	1	50.867
1541	P	141	1	50.867
1542	P	159	1	50.867
1543	P	148	1	51.367
1544	P	146	1	51.367
1545	P	144	1	51.367
1546	P	134	1	51.367
1547	P	148	1	51.367
1548	P	134	1	51.367
1549	P	158	1	51.367
1550	P	140	1	51.367
1551	P	147	1	51.367
1552	P	154	1	51.367
1553	P	144	1	51.367
1554	P	150	1	51.367
1555	P	136	1	51.367
1556	P	147	1	51.367
1557	P	139	1	51.367
1558	P	139	1	51.867
1559	P	147	1	51.867
1560	P	164	1	51.867
1561	H	2938	3	51.867
1562	P	340	1	51.867
1563	P	148	1	51.867
1564	P	147	1	51.867
1565	P	165	1	51.867
1566	P	152	1	51.867
1567	P	150	1	51.867
1568	P	169	1	51.867
1569	P	148	1	51.867
1570	P	140	1	51.867
1571	P	154	1	51.867
1572	P	142	1	51.867
1573	P	143	1	52.367
1574	P	145	1	52.367
1575	P	151	1	52.367
1576	P	140	1	52.367
1577	P	153	1	52.367
1578	P	149	1	52.367
1579	P	135	1	52.367
1580	P	153	1	52.367
1581	P	150	1	52.367
1582	P	140	1	52.367
1583	P	138	1	52.367
1584	P	151	1	52.367
1585	P	135	1	52.367
1586	P	153	1	52.367
1587	P	142	1	52.367
1588	P	155	1	52.867
1589	P	132	1	52.867
1590	P	148	1	52.867
1591	H	2922	3	52.867
1592	P	352	1	52.867
1593	P	139	1	52.867
1594	P	150	1	52.867
1595	P	148	1	52.867
1596	P	143	1	52.867
1597	P	146	1	52.867
1598	P	157	1	52.867
1599	P	144	1	52.867
1600	P	144	1	52.867
1601	P	141	1	52.867
1602	P	147	1	52.867
1603	P	143	1	52.867
1604	P	129	1	53.400
1605	P	134	1	53.400
1606	P	143	1	53.400
1607	P	144	1	53.400
1608	P	151	1	53.400
1609	P	148	1	53.400
1610	P	144	1	53.400
1611	P	151	1	53.400
1612	P	188	1	53.400
1613	P	140	1	53.400
1614	P	148	1	53.400
1615	P	164	1	53.400
1616	P	193	1	53.400
1617	P	270	1	53.400
1618	P	425	1	53.400
1619	P	789	1	53.400
1620	P	1285	2	53.933
1621	H	8438	9	53.934
1622	P	482	1	53.934
1623	P	1803	2	53.934
1624	P	6014	6	53.934
1625	P	13045	13	53.934
1626	P	5715	6	53.934
1627	P	3794	4	53.934
1628	P	1420	2	53.934
1629	P	705	1	53.934
1630	P	443	1	53.934
1631	P	295	1	53.934
1632	P	253	1	53.934
1633	P	195	1	53.934
1634	P	164	1	53.934
1635	P	141	1	53.934
1636	P	137	1	54.467
1637	P	144	1	54.467
1638	P	142	1	54.467
1639	P	154	1	54.467
1640	P	131	1	54.467
1641	P	138	1	54.467
1642	P	138	1	54.467
1643	P	137	1	54.467
1644	P	139	1	54.467
1645	P	144	1	54.467
1646	P	137	1	54.467
1647	P	141	1	54.467
1648	P	137	1	54.467
1649	P	140	1	54.467
1650	P	139	1	54.467
1651	H	2904	3	54.467
1652	P	335	1	55.000
1653	P	147	1	55.000
1654	P	134	1	55.000
1655	P	138	1	55.000
1656	P	145	1	55.000
1657	P	158	1	55.000
1658	P	133	1	55.000
1659	P	155	1	55.000
1660	P	152	1	55.000
1661	P	148	1	55.000
1662	P	145	1	55.001
1663	P	147	1	55.001
1664	P	152	1	55.001
1665	P	137	1	55.001
1666	P	132	1	55.001
1667	P	147	1	55.001
1668	P	153	1	55.533
1669	P	136	1	55.534
1670	P	149	1	55.534
1671	P	147	1	55.534
1672	P	137	1	55.534
1673	P	157	1	55.534
1674	P	150	1	55.534
1675	P	140	1	55.534
1676	P	145	1	55.534
1677	P	137	1	55.534
1678	P	143	1	55.534
1679	P	149	1	55.534
1680	P	161	1	55.534
1681	H	2907	3	55.534
1682	P	342	1	55.534
1683	P	145	1	55.534
1684	P	155	1	56.067
1685	P	146	1	56.067
1686	P	150	1	56.067
1687	P	151	1	56.067
1688	P	158	1	56.067
1689	P	158	1	56.067
1690	P	148	1	56.067
1691	P	154	1	56.067
1692	P	151	1	56.067
1693	P	146	1	56.067
1694	P	140	1	56.067
1695	P	146	1	56.067
1696	P	150	1	56.067
1697	P	144	1	56.067
1698	P	149	1	56.067
1699	P	146	1	56.067
1700	P	156	1	56.067
1701	P	155	1	56.633
1702	P	151	1	56.634
1703	P	153	1	56.634
1704	P	145	1	56.634
1705	P	143	1	56.634
1706	P	143	1	56.634
1707	P	149	1	56.634
1708	P	145	1	56.634
1709	P	142	1	56.634
1710	P	149	1	56.634
1711	H	2922	3	56.634
1712	P	341	1	56.634
1713	P	146	1	56.634
1714	P	154	1	56.634
1715	P	153	1	56.634
1716	P	159	1	56.634
1717	P	147	1	56.634
1718	P	159	1	57.200
1719	P	164	1	57.200
1720	P	146	1	57.200
1721	P	146	1	57.200
1722	P	141	1	57.200
1723	P	156	1	57.200
1724	P	138	1	57.200
1725	P	160	1	57.200
1726	P	145	1	57.200
1727	P	142	1	57.200
1728	P	144	1	57.200
1729	P	152	1	57.200
1730	P	144	1	57.200
1731	P	148	1	57.200
1732	P	147	1	57.201
1733	P	144	1	57.201
1734	P	150	1	57.201
1735	P	151	1	57.767
1736	P	144	1	57.767
1737	P	166	1	57.767
1738	P	146	1	57.767
1739	P	155	1	57.767
1740	P	149	1	57.767
1741	H	2966	3	57.767
1742	P	330	1	57.767
1743	P	147	1	57.767
1744	P	158	1	57.767
1745	P	153	1	57.767
1746	P	139	1	57.767
1747	P	151	1	57.767
1748	P	152	1	57.767
1749	P	160	1	57.767
1750	P	154	1	57.767
1751	P	150	1	57.767
1752	P	145	1	58.333
1753	P	153	1	58.334
1754	P	157	1	58.334
1755	P	148	1	58.334
1756	P	150	1	58.334
1757	P	158	1	58.334
1758	P	156	1	58.334
1759	P	151	1	58.334
1760	P	156	1	58.334
1761	P	139	1	58.334
1762	P	138	1	58.334
1763	P	149	1	58.334
1764	P	141	1	58.334
1765	P	150	1	58.334
1766	P	144	1	58.334
1767	P	145	1	58.334
1768	P	149	1	58.334
1769	P	154	1	58.900
1770	P	141	1	58.900
1771	H	2920	3	58.900
1772	P	329	1	58.900
1773	P	137	1	58.900
1774	P	160	1	58.900
1775	P	147	1	58.900
1776	P	168	1	58.900
1777	P	153	1	58.900
1778	P	148	1	58.900
1779	P	153	1	58.900
1780	P	161	1	58.900
1781	P	167	1	58.900
1782	P	140	1	58.900
1783	P	154	1	58.900
1784	P	153	1	58.900
1785	P	156	1	58.900
1786	P	159	1	59.467
1787	P	150	1	59.467
1788	P	147	1	59.467
1789	P	157	1	59.467
1790	P	146	1	59.467
1791	P	156	1	59.467
1792	P	158	1	59.467
1793	P	145	1	59.467
1794	P	160	1	59.467
1795	P	141	1	59.467
1796	P	145	1	59.467
1797	P	152	1	59.467
1798	P	146	1	59.467
1799	P	144	1	59.467
1800	P	158	1	59.467
1801	H	2959	3	59.467
1802	P	332	1	59.467
1803	P	134	1	59.467
1804	P	148	1	60.067
1805	P	152	1	60.067
1806	P	152	1	60.067
1807	P	148	1	60.067
1808	P	149	1	60.067
1809	P	156	1	60.067
1810	P	147	1	60.067
1811	P	143	1	60.067
1812	P	140	1	60.067
1813	P	141	1	60.067
1814	P	162	1	60.067
1815	P	143	1	60.067
1816	P	144	1	60.067
1817	P	160	1	60.067
1818	P	157	1	60.067
1819	P	148	1	60.067
1820	P	147	1	60.067
1821	P	150	1	60.067
1822	P	138	1	60.667
1823	P	154	1	60.667
1824	P	145	1	60.667
1825	P	135	1	60.667
1826	P	152	1	60.667
1827	P	138	1	60.667
1828	P	133	1	60.667
1829	P	131	1	60.667
1830	P	156	1	60.667
1831	H	2973	3	60.667
1832	P	342	1	60.667
1833	P	136	1	60.667
1834	P	148	1	60.667
1835	P	155	1	60.667
1836	P	153	1	60.667
1837	P	158	1	60.667
1838	P	157	1	60.667
1839	P	146	1	60.667
1840	P	141	1	61.267
1841	P	154	1	61.267
1842	P	161	1	61.267
1843	P	149	1	61.267
1844	P	148	1	61.267
1845	P	151	1	61.267
1846	P	150	1	61.267
1847	P	157	1	61.267
1848	P	149	1	61.267
1849	P	152	1	61.267
1850	P	146	1	61.267
1851	P	147	1	61.267
1852	P	154	1	61.267
1853	P	146	1	61.267
1854	P	144	1	61.267
1855	P	148	1	61.267
1856	P	132	1	61.267
1857	P	140	1	61.267
1858	P	158	1	61.867
1859	P	139	1	61.867
1860	P	146	1	61.867
1861	H	2990	3	61.867
1862	P	337	1	61.867
1863	P	141	1	61.867
1864	P	142	1	61.867
1865	P	173	1	61.867
1866	P	148	1	61.867
1867	P	149	1	61.867
1868	P	144	1	61.867
1869	P	158	1	61.867
1870	P	148	1	61.867
1871	P	165	1	61.867
1872	P	158	1	61.867
1873	P	163	1	61.867
1874	P	147	1	61.867
1875	P	153	1	61.867
1876	P	157	1	62.467
1877	P	159	1	62.467
1878	P	153	1	62.467
1879	P	151	1	62.467
1880	P	158	1	62.467
1881	P	141	1	62.467
1882	P	140	1	62.467
1883	P	138	1	62.467
1884	P	149	1	62.467
1885	P	148	1	62.467
1886	P	151	1	62.467
1887	P	149	1	62.467
1888	P	158	1	62.467
1889	P	140	1	62.467
1890	P	142	1	62.467
1891	H	3015	3	62.467
1892	P	342	1	62.467
1893	P	149	1	62.467
1894	P	170	1	63.067
1895	P	156	1	63.067
1896	P	140	1	63.067
1897	P	150	1	63.067
1898	P	150	1	63.067
1899	P	151	1	63.067
1900	P	139	1	63.067
1901	P	141	1	63.067
1902	P	157	1	63.067
1903	P	151	1	63.067
1904	P	141	1	63.067
1905	P	150	1	63.067
1906	P	149	1	63.067
1907	P	144	1	63.067
1908	P	148	1	63.067
1909	P	154	1	63.067
1910	P	156	1	63.067
1911	P	153	1	63.067
1912	P	142	1	63.067
1913	P	139	1	63.700
1914	P	146	1	63.700
1915	P	146	1	63.700
1916	P	147	1	63.700
1917	P	157	1	63.700
1918	P	153	1	63.700
1919	P	145	1	63.700
1920	P	159	1	63.700
1921	H	3016	3	63.700
1922	P	320	1	63.700
1923	P	143	1	63.700
1924	P	161	1	63.700
1925	P	159	1	63.700
1926	P	160	1	63.700
1927	P	148	1	63.700
1928	P	153	1	63.700
1929	P	161	1	63.700
1930	P	150	1	63.700
1931	P	149	1	63.700
1932	P	153	1	64.333
1933	P	154	1	64.334
1934	P	156	1	64.334
1935	P	141	1	64.334
1936	P	148	1	64.334
1937	P	144	1	64.334
1938	P	160	1	64.334
1939	P	163	1	64.334
1940	P	160	1	64.334
1941	P	149	1	64.334
1942	P	150	1	64.334
1943	P	150	1	64.334
1944	P	136	1	64.334
1945	P	153	1	64.334
1946	P	149	1	64.334
1947	P	152	1	64.334
1948	P	151	1	64.334
1949	P	144	1	64.334
1950	P	153	1	64.334
1951	H	2976	3	64.967
1952	P	332	1	64.967
1953	P	145	1	64.967
1954	P	166	1	64.967
1955	P	154	1	64.967
1956	P	162	1	64.967
1957	P	135	1	64.967
1958	P	148	1	64.967
1959	P	159	1	64.967
1960	P	139	1	64.967
1961	P	136	1	64.967
1962	P	148	1	64.967
1963	P	144	1	64.967
1964	P	147	1	64.967
1965	P	147	1	64.967
1966	P	148	1	64.967
1967	P	147	1	64.967
1968	P	144	1	64.967
1969	P	144	1	64.967
1970	P	143	1	65.600
1971	P	146	1	65.600
1972	P	155	1	65.600
1973	P	140	1	65.600
1974	P	140	1	65.600
1975	P	154	1	65.600
1976	P	148	1	65.600
1977	P	155	1	65.600
1978	P	145	1	65.600
1979	P	138	1	65.600
1980	P	142	1	65.600
1981	H	2997	3	65.600
1982	P	326	1	65.600
1983	P	147	1	65.600
1984	P	145	1	65.600
1985	P	155	1	65.600
1986	P	152	1	65.600
1987	P	155	1	65.600
1988	P	149	1	65.600
1989	P	156	1	66.233
1990	P	157	1	66.233
1991	P	142	1	66.234
1992	P	156	1	66.234
1993	P	129	1	66.234
1994	P	148	1	66.234
1995	P	168	1	66.234
1996	P	152	1	66.234
1997	P	136	1	66.234
1998	P	149	1	66.234
1999	P	165	1	66.234
2000	P	155	1	66.234
