1	H	21127	21	0.013
2	P	109	1	0.018
3	P	485	1	0.033
4	P	702	1	0.051
5	P	377	1	0.066
6	P	293	1	0.084
7	P	255	1	0.099
8	P	199	1	0.117
9	P	171	1	0.132
10	P	178	1	0.149
11	P	159	1	0.166
12	P	144	1	0.182
13	P	157	1	0.198
14	P	159	1	0.217
15	P	154	1	0.232
16	P	161	1	0.249
17	P	162	1	0.266
18	P	152	1	0.282
19	P	154	1	0.298
20	P	151	1	0.315
21	P	163	1	0.331
22	P	172	1	0.347
23	P	149	1	0.364
24	P	164	1	0.381
25	P	155	1	0.396
26	P	151	1	0.414
27	P	159	1	0.429
28	P	162	1	0.447
29	P	144	1	0.464
30	P	148	1	0.479
31	P	157	1	0.497
32	P	152	1	0.513
33	P	156	1	0.528
34	P	172	1	0.545
35	P	161	1	0.561
36	P	162	1	0.578
37	P	163	1	0.594
38	P	167	1	0.612
39	P	169	1	0.627
40	P	176	1	0.644
41	P	164	1	0.661
42	P	171	1	0.678
43	P	169	1	0.693
44	P	167	1	0.710
45	P	164	1	0.726
46	P	168	1	0.744
47	P	168	1	0.760
48	P	164	1	0.777
49	P	164	1	0.794
50	P	155	1	0.809
51	P	166	1	0.827
52	P	155	1	0.843
53	P	166	1	0.859
54	P	163	1	0.875
55	P	168	1	0.892
56	P	165	1	0.909
57	P	178	1	0.926
58	P	150	1	0.942
59	P	173	1	0.958
60	P	168	1	0.974
61	H	3130	4	0.992
62	P	331	1	1.008
63	P	170	1	1.024
64	P	173	1	1.042
65	P	176	1	1.056
66	P	163	1	1.073
67	P	159	1	1.090
68	P	156	1	1.106
69	P	168	1	1.123
70	P	176	1	1.139
71	P	184	1	1.156
72	P	160	1	1.173
73	P	169	1	1.190
74	P	171	1	1.205
75	P	168	1	1.222
76	P	156	1	1.238
77	P	170	1	1.255
78	P	159	1	1.272
79	P	165	1	1.287
80	P	158	1	1.304
81	P	173	1	1.322
82	P	147	1	1.337
83	P	173	1	1.353
84	P	152	1	1.371
85	P	159	1	1.387
86	P	147	1	1.403
87	P	163	1	1.419
88	P	153	1	1.437
89	P	145	1	1.452
90	P	152	1	1.469
91	P	153	1	1.486
92	P	150	1	1.502
93	P	161	1	1.519
94	P	150	1	1.535
95	P	148	1	1.551
96	P	144	1	1.569
97	P	161	1	1.585
98	P	162	1	1.601
99	P	173	1	1.618
100	P	165	1	1.634
101	P	150	1	1.652
102	P	149	1	1.667
103	P	150	1	1.684
104	P	159	1	1.701
105	P	155	1	1.718
106	P	156	1	1.733
107	P	152	1	1.750
108	P	149	1	1.767
109	P	151	1	1.783
110	P	158	1	1.800
111	P	153	1	1.817
112	P	153	1	1.833
113	P	161	1	1.850
114	P	148	1	1.867
115	P	151	1	1.883
116	P	143	1	1.900
117	P	161	1	1.917
118	P	154	1	1.933
119	P	158	1	1.950
120	P	159	1	1.967
121	H	3032	3	1.984
122	P	341	1	2.000
123	P	153	1	2.017
124	P	155	1	2.033
125	P	156	1	2.050
126	P	157	1	2.067
127	P	155	1	2.083
128	P	159	1	2.100
129	P	158	1	2.117
130	P	148	1	2.133
131	P	157	1	2.150
132	P	166	1	2.167
133	P	156	1	2.183
134	P	144	1	2.200
135	P	164	1	2.217
136	P	163	1	2.234
137	P	145	1	2.250
138	P	150	1	2.267
139	P	150	1	2.283
140	P	161	1	2.300
141	P	143	1	2.317
142	P	152	1	2.333
143	P	156	1	2.350
144	P	157	1	2.367
145	P	153	1	2.383
146	P	160	1	2.400
147	P	151	1	2.417
148	P	155	1	2.433
149	P	165	1	2.450
150	P	153	1	2.467
151	P	152	1	2.484
152	P	148	1	2.500
153	P	176	1	2.517
154	P	157	1	2.533
155	P	140	1	2.550
156	P	168	1	2.567
157	P	156	1	2.584
158	P	158	1	2.600
159	P	165	1	2.617
160	P	159	1	2.633
161	P	147	1	2.650
162	P	152	1	2.667
163	P	163	1	2.683
164	P	147	1	2.700
165	P	156	1	2.717
166	P	160	1	2.733
167	P	156	1	2.750
168	P	152	1	2.767
169	P	155	1	2.783
170	P	147	1	2.800
171	P	155	1	2.817
172	P	167	1	2.834
173	P	150	1	2.850
174	P	145	1	2.867
175	P	153	1	2.883
176	P	154	1	2.900
177	P	152	1	2.917
178	P	153	1	2.933
179	P	138	1	2.950
180	P	146	1	2.967
181	H	2989	3	2.984
182	P	353	1	3.000
183	P	145	1	3.017
184	P	147	1	3.033
185	P	147	1	3.050
186	P	150	1	3.067
187	P	154	1	3.084
188	P	143	1	3.100
189	P	147	1	3.117
190	P	147	1	3.134
191	P	154	1	3.150
192	P	148	1	3.152
193	P	166	1	3.183
194	P	162	1	3.185
195	P	149	1	3.217
196	P	147	1	3.233
197	P	159	1	3.250
198	P	149	1	3.267
199	P	142	1	3.283
200	P	163	1	3.284
201	P	150	1	3.317
202	P	138	1	3.317
203	P	147	1	3.350
204	P	140	1	3.350
205	P	152	1	3.383
206	P	149	1	3.383
207	P	145	1	3.417
208	P	149	1	3.417
209	P	154	1	3.450
210	P	156	1	3.450
211	P	135	1	3.483
212	P	152	1	3.484
213	P	158	1	3.517
214	P	147	1	3.517
215	P	146	1	3.550
216	P	141	1	3.550
217	P	144	1	3.583
218	P	140	1	3.584
219	P	148	1	3.617
220	P	147	1	3.617
221	P	149	1	3.651
222	P	156	1	3.651
223	P	145	1	3.683
224	P	145	1	3.683
225	P	164	1	3.717
226	P	154	1	3.717
227	P	155	1	3.750
228	P	153	1	3.750
229	P	154	1	3.784
230	P	144	1	3.784
231	P	164	1	3.817
232	P	151	1	3.817
233	P	154	1	3.850
234	P	150	1	3.850
235	P	149	1	3.884
236	P	157	1	3.884
237	P	168	1	3.917
238	P	157	1	3.917
239	P	150	1	3.950
240	P	154	1	3.950
241	H	2970	3	3.983
242	P	346	1	3.984
243	P	158	1	4.017
244	P	146	1	4.017
245	P	161	1	4.050
246	P	202	1	4.050
247	P	160	1	4.084
248	P	145	1	4.084
249	P	157	1	4.117
250	P	160	1	4.117
251	P	155	1	4.150
252	P	151	1	4.150
253	P	153	1	4.183
254	P	166	1	4.184
255	P	145	1	4.217
256	P	147	1	4.217
257	P	157	1	4.250
258	P	161	1	4.250
259	P	152	1	4.283
260	P	148	1	4.283
261	P	159	1	4.317
262	P	150	1	4.317
263	P	155	1	4.350
264	P	159	1	4.350
265	P	155	1	4.383
266	P	156	1	4.384
267	P	152	1	4.417
268	P	169	1	4.417
269	P	149	1	4.450
270	P	156	1	4.450
271	P	154	1	4.483
272	P	146	1	4.483
273	P	157	1	4.517
274	P	150	1	4.517
275	P	162	1	4.550
276	P	160	1	4.550
277	P	153	1	4.583
278	P	168	1	4.584
279	P	136	1	4.617
280	P	148	1	4.617
281	P	159	1	4.650
282	P	153	1	4.650
283	P	158	1	4.683
284	P	142	1	4.684
285	P	160	1	4.717
286	P	152	1	4.717
287	P	144	1	4.750
288	P	148	1	4.750
289	P	164	1	4.783
290	P	156	1	4.784
291	P	158	1	4.817
292	P	161	1	4.817
293	P	157	1	4.850
294	P	149	1	4.850
295	P	159	1	4.852
296	P	152	1	4.900
297	P	157	1	4.900
298	P	149	1	4.933
299	P	166	1	4.933
300	P	161	1	4.934
301	H	3071	3	4.983
302	P	313	1	4.984
303	P	152	1	4.984
304	P	157	1	5.033
305	P	170	1	5.034
306	P	167	1	5.034
307	P	169	1	5.083
308	P	149	1	5.084
309	P	151	1	5.084
310	P	146	1	5.133
311	P	171	1	5.134
312	P	157	1	5.134
313	P	162	1	5.183
314	P	137	1	5.184
315	P	171	1	5.184
316	P	160	1	5.233
317	P	166	1	5.233
318	P	147	1	5.234
319	P	165	1	5.283
320	P	153	1	5.284
321	P	144	1	5.284
322	P	156	1	5.333
323	P	176	1	5.333
324	P	164	1	5.333
325	P	162	1	5.383
326	P	153	1	5.384
327	P	170	1	5.384
328	P	185	1	5.434
329	P	159	1	5.434
330	P	164	1	5.434
331	P	169	1	5.484
332	P	152	1	5.484
333	P	159	1	5.484
334	P	171	1	5.533
335	P	163	1	5.533
336	P	158	1	5.534
337	P	162	1	5.583
338	P	156	1	5.583
339	P	172	1	5.584
340	P	168	1	5.633
341	P	160	1	5.633
342	P	165	1	5.633
343	P	160	1	5.683
344	P	162	1	5.683
345	P	143	1	5.684
346	P	162	1	5.733
347	P	162	1	5.733
348	P	165	1	5.733
349	P	150	1	5.783
350	P	177	1	5.784
351	P	157	1	5.784
352	P	164	1	5.833
353	P	157	1	5.834
354	P	153	1	5.834
355	P	184	1	5.883
356	P	166	1	5.884
357	P	170	1	5.884
358	P	148	1	5.933
359	P	164	1	5.934
360	P	155	1	5.934
361	H	3035	3	5.983
362	P	321	1	5.983
363	P	155	1	5.984
364	P	170	1	6.034
365	P	154	1	6.034
366	P	181	1	6.034
367	P	163	1	6.083
368	P	182	1	6.084
369	P	150	1	6.084
370	P	162	1	6.133
371	P	163	1	6.134
372	P	168	1	6.134
373	P	170	1	6.183
374	P	159	1	6.184
375	P	184	1	6.184
376	P	167	1	6.233
377	P	165	1	6.233
378	P	163	1	6.233
379	P	155	1	6.283
380	P	176	1	6.284
381	P	175	1	6.284
382	P	152	1	6.333
383	P	156	1	6.334
384	P	170	1	6.334
385	P	172	1	6.383
386	P	152	1	6.383
387	P	160	1	6.384
388	P	163	1	6.433
389	P	181	1	6.433
390	P	175	1	6.433
391	P	171	1	6.435
392	P	161	1	6.500
393	P	173	1	6.500
394	P	164	1	6.500
395	P	167	1	6.550
396	P	151	1	6.550
397	P	163	1	6.550
398	P	169	1	6.552
399	P	160	1	6.617
400	P	156	1	6.617
401	P	153	1	6.617
402	P	171	1	6.617
403	P	156	1	6.683
404	P	163	1	6.683
405	P	164	1	6.683
406	P	163	1	6.683
407	P	167	1	6.750
408	P	160	1	6.750
409	P	165	1	6.750
410	P	159	1	6.750
411	P	167	1	6.817
412	P	166	1	6.817
413	P	161	1	6.817
414	P	167	1	6.817
415	P	160	1	6.883
416	P	170	1	6.883
417	P	153	1	6.883
418	P	162	1	6.883
419	P	168	1	6.950
420	P	162	1	6.950
421	H	3014	3	6.950
422	P	340	1	6.950
423	P	141	1	7.017
424	P	165	1	7.017
425	P	167	1	7.017
426	P	165	1	7.017
427	P	152	1	7.083
428	P	144	1	7.083
429	P	145	1	7.084
430	P	149	1	7.084
431	P	151	1	7.150
432	P	142	1	7.150
433	P	158	1	7.150
434	P	139	1	7.150
435	P	167	1	7.217
436	P	136	1	7.217
437	P	160	1	7.217
438	P	144	1	7.217
439	P	165	1	7.283
440	P	146	1	7.284
441	P	159	1	7.284
442	P	155	1	7.284
443	P	143	1	7.350
444	P	169	1	7.350
445	P	155	1	7.350
446	P	137	1	7.350
447	P	157	1	7.417
448	P	153	1	7.417
449	P	163	1	7.417
450	P	151	1	7.417
451	P	144	1	7.483
452	P	144	1	7.483
453	P	155	1	7.483
454	P	147	1	7.484
455	P	146	1	7.550
456	P	141	1	7.550
457	P	146	1	7.550
458	P	160	1	7.550
459	P	155	1	7.617
460	P	144	1	7.617
461	P	176	1	7.617
462	P	137	1	7.617
463	P	165	1	7.683
464	P	159	1	7.683
465	P	167	1	7.683
466	P	161	1	7.684
467	P	154	1	7.750
468	P	156	1	7.750
469	P	164	1	7.750
470	P	148	1	7.750
471	P	164	1	7.817
472	P	157	1	7.817
473	P	141	1	7.817
474	P	149	1	7.817
475	P	160	1	7.883
476	P	145	1	7.884
477	P	161	1	7.884
478	P	151	1	7.884
479	P	147	1	7.950
480	P	175	1	7.950
481	H	3056	3	7.950
482	P	339	1	7.950
483	P	141	1	8.017
484	P	169	1	8.017
485	P	156	1	8.017
486	P	170	1	8.017
487	P	171	1	8.083
488	P	154	1	8.084
489	P	153	1	8.084
490	P	166	1	8.084
491	P	150	1	8.150
492	P	164	1	8.150
493	P	171	1	8.150
494	P	159	1	8.150
495	P	152	1	8.217
496	P	155	1	8.217
497	P	162	1	8.217
498	P	167	1	8.217
499	P	156	1	8.283
500	P	152	1	8.283
501	P	153	1	8.283
502	P	169	1	8.284
503	P	165	1	8.284
504	P	161	1	8.367
505	P	151	1	8.367
506	P	154	1	8.367
507	P	162	1	8.367
508	P	148	1	8.367
509	P	166	1	8.450
510	P	173	1	8.450
511	P	157	1	8.450
512	P	157	1	8.450
513	P	150	1	8.450
514	P	158	1	8.533
515	P	147	1	8.534
516	P	160	1	8.534
517	P	132	1	8.534
518	P	152	1	8.534
519	P	161	1	8.617
520	P	154	1	8.617
521	P	150	1	8.617
522	P	156	1	8.617
523	P	157	1	8.617
524	P	156	1	8.700
525	P	154	1	8.700
526	P	157	1	8.700
527	P	166	1	8.700
528	P	164	1	8.700
529	P	149	1	8.783
530	P	137	1	8.784
531	P	160	1	8.784
532	P	161	1	8.784
533	P	169	1	8.784
534	P	162	1	8.867
535	P	159	1	8.867
536	P	175	1	8.867
537	P	162	1	8.867
538	P	162	1	8.867
539	P	148	1	8.950
540	P	160	1	8.950
541	H	3072	3	8.950
542	P	319	1	8.950
543	P	150	1	8.950
544	P	158	1	9.033
545	P	160	1	9.033
546	P	141	1	9.033
547	P	159	1	9.034
548	P	164	1	9.034
549	P	172	1	9.117
550	P	155	1	9.117
551	P	168	1	9.117
552	P	146	1	9.117
553	P	159	1	9.117
554	P	153	1	9.200
555	P	152	1	9.200
556	P	151	1	9.200
557	P	153	1	9.200
558	P	151	1	9.200
559	P	141	1	9.283
560	P	146	1	9.284
561	P	166	1	9.284
562	P	146	1	9.284
563	P	169	1	9.284
564	P	149	1	9.367
565	P	160	1	9.367
566	P	158	1	9.367
567	P	154	1	9.367
568	P	167	1	9.367
569	P	168	1	9.450
570	P	155	1	9.450
571	P	159	1	9.450
572	P	155	1	9.450
573	P	140	1	9.450
574	P	142	1	9.533
575	P	152	1	9.533
576	P	152	1	9.533
577	P	151	1	9.533
578	P	140	1	9.533
579	P	156	1	9.617
580	P	137	1	9.617
581	P	160	1	9.617
582	P	140	1	9.617
583	P	144	1	9.617
584	P	143	1	9.700
585	P	160	1	9.700
586	P	143	1	9.700
587	P	138	1	9.700
588	P	127	1	9.700
589	P	144	1	9.783
590	P	141	1	9.783
591	P	140	1	9.783
592	P	148	1	9.783
593	P	137	1	9.784
594	P	134	1	9.867
595	P	133	1	9.867
596	P	143	1	9.867
597	P	127	1	9.867
598	P	139	1	9.867
599	P	146	1	9.950
600	P	141	1	9.950
601	H	2912	3	9.950
602	P	327	1	9.950
603	P	141	1	9.950
604	P	138	1	9.950
605	P	143	1	10.050
606	P	142	1	10.050
607	P	138	1	10.050
608	P	140	1	10.050
609	P	145	1	10.050
610	P	150	1	10.050
611	P	141	1	10.150
612	P	143	1	10.150
613	P	135	1	10.150
614	P	130	1	10.150
615	P	151	1	10.150
616	P	137	1	10.150
617	P	140	1	10.250
618	P	149	1	10.250
619	P	139	1	10.250
620	P	137	1	10.250
621	P	146	1	10.250
622	P	149	1	10.250
623	P	135	1	10.350
624	P	128	1	10.350
625	P	138	1	10.350
626	P	134	1	10.350
627	P	145	1	10.350
628	P	134	1	10.350
629	P	143	1	10.450
630	P	143	1	10.450
631	P	138	1	10.450
632	P	140	1	10.450
633	P	140	1	10.450
634	P	147	1	10.450
635	P	149	1	10.550
636	P	140	1	10.550
637	P	137	1	10.550
638	P	145	1	10.550
639	P	141	1	10.550
640	P	135	1	10.550
641	P	139	1	10.650
642	P	138	1	10.650
643	P	160	1	10.650
644	P	134	1	10.650
645	P	137	1	10.650
646	P	130	1	10.650
647	P	140	1	10.750
648	P	139	1	10.750
649	P	147	1	10.750
650	P	133	1	10.750
651	P	131	1	10.750
652	P	138	1	10.750
653	P	135	1	10.850
654	P	140	1	10.850
655	P	130	1	10.850
656	P	131	1	10.850
657	P	137	1	10.850
658	P	137	1	10.850
659	P	138	1	10.950
660	P	140	1	10.950
661	H	2899	3	10.950
662	P	332	1	10.950
663	P	133	1	10.950
664	P	130	1	10.950
665	P	139	1	11.050
666	P	145	1	11.050
667	P	135	1	11.050
668	P	135	1	11.050
669	P	138	1	11.050
670	P	137	1	11.050
671	P	133	1	11.150
672	P	140	1	11.150
673	P	143	1	11.150
674	P	141	1	11.150
675	P	139	1	11.150
676	P	135	1	11.150
677	P	146	1	11.250
678	P	142	1	11.250
679	P	128	1	11.250
680	P	136	1	11.250
681	P	140	1	11.250
682	P	141	1	11.250
683	P	132	1	11.350
684	P	139	1	11.350
685	P	149	1	11.350
686	P	136	1	11.350
687	P	136	1	11.350
688	P	139	1	11.350
689	P	132	1	11.450
690	P	138	1	11.450
691	P	134	1	11.450
692	P	140	1	11.450
693	P	142	1	11.450
694	P	150	1	11.450
695	P	147	1	11.550
696	P	144	1	11.550
697	P	128	1	11.550
698	P	131	1	11.550
699	P	145	1	11.550
700	P	147	1	11.550
701	P	130	1	11.550
702	P	144	1	11.667
703	P	131	1	11.667
704	P	140	1	11.667
705	P	132	1	11.667
706	P	138	1	11.667
707	P	137	1	11.667
708	P	133	1	11.667
709	P	149	1	11.783
710	P	131	1	11.783
711	P	141	1	11.784
712	P	140	1	11.784
713	P	144	1	11.784
714	P	142	1	11.784
715	P	148	1	11.784
716	P	139	1	11.900
717	P	140	1	11.900
718	P	135	1	11.900
719	P	142	1	11.900
720	P	135	1	11.900
721	H	2896	3	11.900
722	P	335	1	11.900
723	P	137	1	12.017
724	P	146	1	12.017
725	P	135	1	12.017
726	P	139	1	12.017
727	P	146	1	12.017
728	P	140	1	12.017
729	P	141	1	12.017
730	P	144	1	12.133
731	P	148	1	12.133
732	P	133	1	12.133
733	P	145	1	12.133
734	P	147	1	12.133
735	P	139	1	12.133
736	P	156	1	12.134
737	P	134	1	12.250
738	P	159	1	12.250
739	P	144	1	12.250
740	P	144	1	12.250
741	P	144	1	12.250
742	P	137	1	12.250
743	P	183	1	12.250
744	P	138	1	12.367
745	P	143	1	12.367
746	P	138	1	12.367
747	P	136	1	12.367
748	P	143	1	12.367
749	P	127	1	12.367
750	P	152	1	12.367
751	P	130	1	12.483
752	P	138	1	12.483
753	P	134	1	12.483
754	P	128	1	12.483
755	P	127	1	12.484
756	P	137	1	12.484
757	P	132	1	12.484
758	P	134	1	12.600
759	P	136	1	12.600
760	P	125	1	12.600
761	P	133	1	12.600
762	P	134	1	12.600
763	P	139	1	12.600
764	P	138	1	12.600
765	P	126	1	12.717
766	P	131	1	12.717
767	P	148	1	12.717
768	P	141	1	12.717
769	P	137	1	12.717
770	P	126	1	12.717
771	P	134	1	12.717
772	P	142	1	12.833
773	P	127	1	12.834
774	P	140	1	12.834
775	P	151	1	12.834
776	P	135	1	12.834
777	P	126	1	12.834
778	P	135	1	12.834
779	P	137	1	12.950
780	P	136	1	12.950
781	H	2890	3	12.950
782	P	324	1	12.950
783	P	142	1	12.950
784	P	144	1	12.950
785	P	144	1	12.950
786	P	145	1	13.067
787	P	138	1	13.067
788	P	134	1	13.067
789	P	137	1	13.067
790	P	136	1	13.067
791	P	137	1	13.067
792	P	148	1	13.067
793	P	143	1	13.183
794	P	138	1	13.184
795	P	137	1	13.184
796	P	138	1	13.184
797	P	139	1	13.184
798	P	130	1	13.184
799	P	142	1	13.184
800	P	123	1	13.184
801	P	132	1	13.317
802	P	135	1	13.317
803	P	127	1	13.317
804	P	127	1	13.317
805	P	143	1	13.317
806	P	144	1	13.317
807	P	133	1	13.317
808	P	124	1	13.317
809	P	142	1	13.450
810	P	138	1	13.450
811	P	131	1	13.450
812	P	139	1	13.450
813	P	132	1	13.450
814	P	137	1	13.450
815	P	126	1	13.450
816	P	135	1	13.450
817	P	134	1	13.583
818	P	137	1	13.584
819	P	135	1	13.584
820	P	141	1	13.584
821	P	132	1	13.584
822	P	135	1	13.584
823	P	129	1	13.584
824	P	128	1	13.584
825	P	140	1	13.717
826	P	134	1	13.717
827	P	132	1	13.717
828	P	136	1	13.717
829	P	131	1	13.717
830	P	127	1	13.717
831	P	136	1	13.717
832	P	135	1	13.717
833	P	128	1	13.850
834	P	134	1	13.850
835	P	128	1	13.850
836	P	139	1	13.850
837	P	141	1	13.850
838	P	122	1	13.850
839	P	135	1	13.850
840	P	133	1	13.850
841	H	2810	3	13.983
842	P	336	1	13.983
843	P	127	1	13.983
844	P	138	1	13.983
845	P	136	1	13.984
846	P	135	1	13.984
847	P	144	1	13.984
848	P	133	1	13.984
849	P	121	1	14.117
850	P	130	1	14.117
851	P	138	1	14.117
852	P	145	1	14.117
853	P	147	1	14.117
854	P	135	1	14.117
855	P	136	1	14.117
856	P	125	1	14.117
857	P	139	1	14.250
858	P	141	1	14.250
859	P	137	1	14.250
860	P	130	1	14.250
861	P	135	1	14.250
862	P	136	1	14.250
863	P	131	1	14.250
864	P	132	1	14.250
865	P	131	1	14.383
866	P	140	1	14.383
867	P	134	1	14.383
868	P	128	1	14.383
869	P	146	1	14.384
870	P	119	1	14.384
871	P	139	1	14.384
872	P	140	1	14.384
873	P	124	1	14.517
874	P	135	1	14.517
875	P	128	1	14.517
876	P	130	1	14.517
877	P	140	1	14.517
878	P	135	1	14.517
879	P	139	1	14.517
880	P	148	1	14.517
881	P	146	1	14.650
882	P	132	1	14.650
883	P	136	1	14.650
884	P	136	1	14.650
885	P	131	1	14.650
886	P	139	1	14.650
887	P	137	1	14.650
888	P	132	1	14.650
889	P	139	1	14.783
890	P	138	1	14.783
891	P	142	1	14.783
892	P	129	1	14.783
893	P	122	1	14.783
894	P	135	1	14.784
895	P	125	1	14.784
896	P	134	1	14.784
897	P	135	1	14.917
898	P	139	1	14.917
899	P	130	1	14.917
900	P	136	1	14.917
901	H	2834	3	14.917
902	P	331	1	14.917
903	P	121	1	14.917
904	P	129	1	14.917
905	P	129	1	14.917
906	P	129	1	15.067
907	P	142	1	15.067
908	P	133	1	15.067
909	P	137	1	15.067
910	P	124	1	15.067
911	P	149	1	15.067
912	P	136	1	15.067
913	P	130	1	15.067
914	P	135	1	15.067
915	P	136	1	15.217
916	P	139	1	15.217
917	P	126	1	15.217
918	P	140	1	15.217
919	P	141	1	15.217
920	P	142	1	15.217
921	P	137	1	15.217
922	P	135	1	15.217
923	P	137	1	15.217
924	P	147	1	15.367
925	P	143	1	15.367
926	P	136	1	15.367
927	P	127	1	15.367
928	P	130	1	15.367
929	P	131	1	15.367
930	P	137	1	15.367
931	P	142	1	15.367
932	P	144	1	15.367
933	P	144	1	15.517
934	P	144	1	15.517
935	P	156	1	15.517
936	P	139	1	15.517
937	P	150	1	15.517
938	P	136	1	15.517
939	P	141	1	15.517
940	P	146	1	15.517
941	P	159	1	15.517
942	P	140	1	15.667
943	P	150	1	15.667
944	P	136	1	15.667
945	P	138	1	15.667
946	P	146	1	15.667
947	P	147	1	15.667
948	P	145	1	15.667
949	P	141	1	15.667
950	P	136	1	15.667
951	P	151	1	15.817
952	P	134	1	15.817
953	P	147	1	15.817
954	P	133	1	15.817
955	P	154	1	15.817
956	P	143	1	15.817
957	P	150	1	15.817
958	P	150	1	15.817
959	P	141	1	15.817
960	P	135	1	15.967
961	H	2908	3	15.967
962	P	334	1	15.967
963	P	151	1	15.967
964	P	139	1	15.967
965	P	142	1	15.967
966	P	144	1	15.967
967	P	145	1	15.967
968	P	141	1	15.967
969	P	155	1	16.117
970	P	146	1	16.117
971	P	143	1	16.117
972	P	161	1	16.117
973	P	156	1	16.117
974	P	140	1	16.117
975	P	148	1	16.117
976	P	148	1	16.117
977	P	141	1	16.117
978	P	157	1	16.267
979	P	144	1	16.267
980	P	146	1	16.267
981	P	149	1	16.267
982	P	151	1	16.267
983	P	134	1	16.267
984	P	146	1	16.267
985	P	155	1	16.267
986	P	142	1	16.267
987	P	162	1	16.417
988	P	147	1	16.417
989	P	146	1	16.417
990	P	160	1	16.417
991	P	154	1	16.417
992	P	145	1	16.417
993	P	143	1	16.417
994	P	148	1	16.417
995	P	140	1	16.417
996	P	160	1	16.567
997	P	154	1	16.567
998	P	149	1	16.567
999	P	140	1	16.567
1000	P	152	1	16.567
1001	P	160	1	16.567
1002	P	150	1	16.567
1003	P	149	1	16.567
1004	P	132	1	16.567
1005	P	135	1	16.567
1006	P	141	1	16.733
1007	P	147	1	16.734
1008	P	153	1	16.734
1009	P	155	1	16.734
1010	P	151	1	16.734
1011	P	162	1	16.734
1012	P	149	1	16.734
1013	P	141	1	16.734
1014	P	136	1	16.734
1015	P	151	1	16.734
1016	P	141	1	16.900
1017	P	138	1	16.900
1018	P	138	1	16.900
1019	P	148	1	16.900
1020	P	140	1	16.900
1021	H	2947	3	16.900
1022	P	342	1	16.900
1023	P	153	1	16.900
1024	P	156	1	16.900
1025	P	146	1	16.900
1026	P	157	1	17.067
1027	P	157	1	17.067
1028	P	154	1	17.067
1029	P	151	1	17.067
1030	P	154	1	17.067
1031	P	162	1	17.067
1032	P	146	1	17.067
1033	P	162	1	17.067
1034	P	157	1	17.067
1035	P	155	1	17.067
1036	P	162	1	17.233
1037	P	155	1	17.233
1038	P	145	1	17.234
1039	P	143	1	17.234
1040	P	153	1	17.234
1041	P	147	1	17.234
1042	P	155	1	17.234
1043	P	161	1	17.234
1044	P	155	1	17.234
1045	P	150	1	17.234
1046	P	158	1	17.400
1047	P	154	1	17.400
1048	P	154	1	17.400
1049	P	147	1	17.400
1050	P	150	1	17.400
1051	P	138	1	17.400
1052	P	143	1	17.400
1053	P	149	1	17.400
1054	P	135	1	17.400
1055	P	155	1	17.400
1056	P	146	1	17.567
1057	P	131	1	17.567
1058	P	143	1	17.567
1059	P	157	1	17.567
1060	P	146	1	17.567
1061	P	149	1	17.567
1062	P	146	1	17.567
1063	P	139	1	17.567
1064	P	148	1	17.567
1065	P	141	1	17.567
1066	P	153	1	17.733
1067	P	159	1	17.733
1068	P	147	1	17.733
1069	P	155	1	17.733
1070	P	156	1	17.733
1071	P	148	1	17.733
1072	P	149	1	17.734
1073	P	144	1	17.734
1074	P	137	1	17.734
1075	P	146	1	17.734
1076	P	145	1	17.900
1077	P	150	1	17.900
1078	P	148	1	17.900
1079	P	144	1	17.900
1080	P	150	1	17.900
1081	H	2967	3	17.900
1082	P	344	1	17.900
1083	P	135	1	17.900
1084	P	145	1	17.900
1085	P	146	1	17.900
1086	P	166	1	18.067
1087	P	151	1	18.067
1088	P	151	1	18.067
1089	P	153	1	18.067
1090	P	145	1	18.067
1091	P	150	1	18.067
1092	P	143	1	18.067
1093	P	157	1	18.067
1094	P	137	1	18.067
1095	P	158	1	18.067
1096	P	151	1	18.233
1097	P	145	1	18.233
1098	P	149	1	18.233
1099	P	158	1	18.233
1100	P	164	1	18.233
1101	P	153	1	18.234
1102	P	158	1	18.234
1103	P	148	1	18.234
1104	P	158	1	18.234
1105	P	146	1	18.234
1106	P	149	1	18.234
1107	P	154	1	18.417
1108	P	139	1	18.417
1109	P	136	1	18.417
1110	P	157	1	18.417
1111	P	155	1	18.417
1112	P	150	1	18.417
1113	P	151	1	18.417
1114	P	144	1	18.417
1115	P	192	1	18.417
1116	P	138	1	18.417
1117	P	154	1	18.417
1118	P	152	1	18.600
1119	P	143	1	18.600
1120	P	170	1	18.600
1121	P	154	1	18.600
1122	P	135	1	18.600
1123	P	166	1	18.600
1124	P	157	1	18.600
1125	P	145	1	18.600
1126	P	146	1	18.600
1127	P	153	1	18.600
1128	P	148	1	18.600
1129	P	153	1	18.783
1130	P	153	1	18.783
1131	P	152	1	18.783
1132	P	156	1	18.784
1133	P	151	1	18.784
1134	P	151	1	18.784
1135	P	148	1	18.784
1136	P	159	1	18.784
1137	P	158	1	18.784
1138	P	143	1	18.784
1139	P	149	1	18.784
1140	P	157	1	18.967
1141	H	2962	3	18.967
1142	P	334	1	18.967
1143	P	137	1	18.967
1144	P	138	1	18.967
1145	P	157	1	18.967
1146	P	153	1	18.967
1147	P	142	1	18.967
1148	P	146	1	18.967
1149	P	151	1	18.967
1150	P	160	1	18.967
1151	P	150	1	19.150
1152	P	142	1	19.150
1153	P	158	1	19.150
1154	P	148	1	19.150
1155	P	146	1	19.150
1156	P	144	1	19.150
1157	P	148	1	19.150
1158	P	148	1	19.150
1159	P	139	1	19.150
1160	P	160	1	19.150
1161	P	164	1	19.150
1162	P	145	1	19.333
1163	P	153	1	19.333
1164	P	148	1	19.334
1165	P	148	1	19.334
1166	P	145	1	19.334
1167	P	150	1	19.334
1168	P	145	1	19.334
1169	P	144	1	19.334
1170	P	140	1	19.334
1171	P	149	1	19.334
1172	P	143	1	19.334
1173	P	146	1	19.517
1174	P	141	1	19.517
1175	P	153	1	19.517
1176	P	133	1	19.517
1177	P	159	1	19.517
1178	P	139	1	19.517
1179	P	149	1	19.517
1180	P	144	1	19.517
1181	P	145	1	19.517
1182	P	152	1	19.517
1183	P	150	1	19.517
1184	P	140	1	19.700
1185	P	155	1	19.700
1186	P	153	1	19.700
1187	P	153	1	19.700
1188	P	145	1	19.700
1189	P	144	1	19.700
1190	P	145	1	19.700
1191	P	153	1	19.700
1192	P	131	1	19.700
1193	P	137	1	19.700
1194	P	142	1	19.700
1195	P	148	1	19.883
1196	P	146	1	19.884
1197	P	157	1	19.884
1198	P	137	1	19.884
1199	P	152	1	19.884
1200	P	143	1	19.884
1201	H	2952	3	19.884
1202	P	336	1	19.884
1203	P	137	1	19.884
1204	P	152	1	19.884
1205	P	162	1	19.884
1206	P	138	1	19.884
1207	P	153	1	20.084
1208	P	134	1	20.084
1209	P	153	1	20.084
1210	P	144	1	20.084
1211	P	145	1	20.084
1212	P	141	1	20.084
1213	P	125	1	20.084
1214	P	128	1	20.084
1215	P	149	1	20.084
1216	P	145	1	20.084
1217	P	147	1	20.084
1218	P	136	1	20.084
1219	P	136	1	20.283
1220	P	137	1	20.283
1221	P	141	1	20.283
1222	P	150	1	20.283
1223	P	148	1	20.284
1224	P	132	1	20.284
1225	P	151	1	20.284
1226	P	149	1	20.284
1227	P	158	1	20.284
1228	P	143	1	20.284
1229	P	147	1	20.284
1230	P	143	1	20.284
1231	P	154	1	20.483
1232	P	148	1	20.483
1233	P	143	1	20.483
1234	P	136	1	20.483
1235	P	167	1	20.484
1236	P	150	1	20.484
1237	P	139	1	20.484
1238	P	132	1	20.484
1239	P	151	1	20.484
1240	P	144	1	20.484
1241	P	140	1	20.484
1242	P	149	1	20.484
1243	P	137	1	20.683
1244	P	138	1	20.683
1245	P	151	1	20.683
1246	P	135	1	20.683
1247	P	141	1	20.684
1248	P	142	1	20.684
1249	P	146	1	20.684
1250	P	152	1	20.684
1251	P	149	1	20.684
1252	P	142	1	20.684
1253	P	137	1	20.684
1254	P	142	1	20.684
1255	P	144	1	20.883
1256	P	152	1	20.884
1257	P	157	1	20.884
1258	P	147	1	20.884
1259	P	157	1	20.884
1260	P	136	1	20.884
1261	H	2946	3	20.884
1262	P	329	1	20.884
1263	P	134	1	20.884
1264	P	143	1	20.884
1265	P	153	1	20.884
1266	P	142	1	20.884
1267	P	142	1	21.083
1268	P	150	1	21.084
1269	P	146	1	21.084
1270	P	151	1	21.084
1271	P	141	1	21.084
1272	P	153	1	21.084
1273	P	150	1	21.084
1274	P	151	1	21.084
1275	P	138	1	21.084
1276	P	146	1	21.084
1277	P	158	1	21.084
1278	P	154	1	21.084
1279	P	149	1	21.284
1280	P	133	1	21.284
1281	P	138	1	21.284
1282	P	141	1	21.284
1283	P	144	1	21.284
1284	P	145	1	21.284
1285	P	135	1	21.284
1286	P	146	1	21.284
1287	P	142	1	21.284
1288	P	135	1	21.284
1289	P	140	1	21.284
1290	P	144	1	21.284
1291	P	139	1	21.483
1292	P	148	1	21.483
1293	P	154	1	21.484
1294	P	141	1	21.484
1295	P	143	1	21.484
1296	P	144	1	21.484
1297	P	143	1	21.484
1298	P	137	1	21.484
1299	P	149	1	21.484
1300	P	147	1	21.484
1301	P	139	1	21.484
1302	P	155	1	21.484
1303	P	143	1	21.484
1304	P	143	1	21.700
1305	P	147	1	21.700
1306	P	147	1	21.700
1307	P	153	1	21.700
1308	P	133	1	21.700
1309	P	151	1	21.700
1310	P	150	1	21.700
1311	P	142	1	21.700
1312	P	142	1	21.700
1313	P	134	1	21.700
1314	P	148	1	21.700
1315	P	146	1	21.700
1316	P	154	1	21.700
1317	P	143	1	21.917
1318	P	143	1	21.917
1319	P	135	1	21.917
1320	P	141	1	21.917
1321	H	2957	3	21.917
1322	P	332	1	21.917
1323	P	130	1	21.917
1324	P	149	1	21.917
1325	P	157	1	21.917
1326	P	150	1	21.917
1327	P	149	1	21.917
1328	P	149	1	21.917
1329	P	157	1	21.917
1330	P	143	1	22.133
1331	P	153	1	22.133
1332	P	137	1	22.133
1333	P	154	1	22.133
1334	P	150	1	22.133
1335	P	145	1	22.134
1336	P	159	1	22.134
1337	P	143	1	22.134
1338	P	142	1	22.134
1339	P	140	1	22.134
1340	P	138	1	22.134
1341	P	147	1	22.134
1342	P	141	1	22.134
1343	P	154	1	22.350
1344	P	146	1	22.350
1345	P	146	1	22.350
1346	P	145	1	22.350
1347	P	147	1	22.350
1348	P	143	1	22.350
1349	P	149	1	22.350
1350	P	145	1	22.350
1351	P	147	1	22.350
1352	P	146	1	22.350
1353	P	152	1	22.350
1354	P	171	1	22.350
1355	P	146	1	22.350
1356	P	143	1	22.567
1357	P	154	1	22.567
1358	P	146	1	22.567
1359	P	141	1	22.567
1360	P	148	1	22.567
1361	P	169	1	22.567
1362	P	160	1	22.567
1363	P	161	1	22.567
1364	P	150	1	22.567
1365	P	169	1	22.567
1366	P	143	1	22.567
1367	P	140	1	22.567
1368	P	154	1	22.567
1369	P	151	1	22.783
1370	P	158	1	22.783
1371	P	152	1	22.783
1372	P	145	1	22.783
1373	P	143	1	22.783
1374	P	133	1	22.783
1375	P	149	1	22.784
1376	P	130	1	22.784
1377	P	150	1	22.784
1378	P	139	1	22.784
1379	P	146	1	22.784
1380	P	133	1	22.784
1381	H	2965	3	22.784
1382	P	330	1	23.000
1383	P	131	1	23.000
1384	P	144	1	23.000
1385	P	158	1	23.000
1386	P	142	1	23.000
1387	P	147	1	23.000
1388	P	146	1	23.000
1389	P	152	1	23.000
1390	P	147	1	23.000
1391	P	160	1	23.000
1392	P	136	1	23.000
1393	P	152	1	23.000
1394	P	139	1	23.000
1395	P	131	1	23.217
1396	P	145	1	23.217
1397	P	152	1	23.217
1398	P	144	1	23.217
1399	P	143	1	23.217
1400	P	138	1	23.217
1401	P	162	1	23.217
1402	P	131	1	23.217
1403	P	152	1	23.217
1404	P	148	1	23.217
1405	P	157	1	23.217
1406	P	154	1	23.217
1407	P	144	1	23.217
1408	P	153	1	23.217
1409	P	160	1	23.450
1410	P	155	1	23.450
1411	P	140	1	23.450
1412	P	153	1	23.450
1413	P	154	1	23.450
1414	P	151	1	23.450
1415	P	143	1	23.450
1416	P	144	1	23.450
1417	P	148	1	23.450
1418	P	150	1	23.450
1419	P	155	1	23.450
1420	P	145	1	23.450
1421	P	142	1	23.450
1422	P	163	1	23.450
1423	P	156	1	23.683
1424	P	147	1	23.683
1425	P	147	1	23.683
1426	P	155	1	23.683
1427	P	150	1	23.684
1428	P	145	1	23.684
1429	P	152	1	23.684
1430	P	151	1	23.684
1431	P	155	1	23.684
1432	P	158	1	23.684
1433	P	160	1	23.684
1434	P	151	1	23.684
1435	P	161	1	23.684
1436	P	154	1	23.684
1437	P	154	1	23.917
1438	P	154	1	23.917
1439	P	146	1	23.917
1440	P	156	1	23.917
1441	H	2999	3	23.917
1442	P	338	1	23.917
1443	P	144	1	23.917
1444	P	158	1	23.917
1445	P	153	1	23.917
1446	P	159	1	23.917
1447	P	149	1	23.917
1448	P	147	1	23.917
1449	P	145	1	23.917
1450	P	158	1	23.917
1451	P	150	1	24.150
1452	P	147	1	24.150
1453	P	152	1	24.150
1454	P	161	1	24.150
1455	P	144	1	24.150
1456	P	149	1	24.150
1457	P	152	1	24.150
1458	P	142	1	24.150
1459	P	153	1	24.150
1460	P	152	1	24.150
1461	P	154	1	24.150
1462	P	145	1	24.150
1463	P	152	1	24.150
1464	P	143	1	24.150
1465	P	140	1	24.383
1466	P	149	1	24.383
1467	P	150	1	24.383
1468	P	133	1	24.383
1469	P	142	1	24.384
1470	P	146	1	24.384
1471	P	155	1	24.384
1472	P	148	1	24.384
1473	P	152	1	24.384
1474	P	151	1	24.384
1475	P	152	1	24.384
1476	P	156	1	24.384
1477	P	159	1	24.384
1478	P	143	1	24.384
1479	P	146	1	24.617
1480	P	139	1	24.617
1481	P	152	1	24.617
1482	P	150	1	24.617
1483	P	151	1	24.617
1484	P	142	1	24.617
1485	P	160	1	24.617
1486	P	154	1	24.617
1487	P	150	1	24.617
1488	P	189	1	24.617
1489	P	145	1	24.617
1490	P	142	1	24.617
1491	P	152	1	24.617
1492	P	140	1	24.617
1493	P	153	1	24.850
1494	P	148	1	24.850
1495	P	154	1	24.850
1496	P	141	1	24.850
1497	P	149	1	24.850
1498	P	148	1	24.850
1499	P	145	1	24.850
1500	P	158	1	24.850
1501	H	2979	3	24.850
1502	P	338	1	24.850
1503	P	133	1	24.850
1504	P	155	1	24.850
1505	P	155	1	24.850
1506	P	149	1	24.850
1507	P	151	1	24.850
1508	P	150	1	25.100
1509	P	168	1	25.100
1510	P	149	1	25.100
1511	P	163	1	25.100
1512	P	153	1	25.100
1513	P	155	1	25.100
1514	P	143	1	25.100
1515	P	147	1	25.100
1516	P	143	1	25.100
1517	P	141	1	25.100
1518	P	148	1	25.100
1519	P	156	1	25.100
1520	P	139	1	25.100
1521	P	156	1	25.100
1522	P	147	1	25.100
1523	P	151	1	25.350
1524	P	151	1	25.350
1525	P	143	1	25.350
1526	P	158	1	25.350
1527	P	146	1	25.350
1528	P	148	1	25.350
1529	P	151	1	25.350
1530	P	138	1	25.350
1531	P	149	1	25.350
1532	P	150	1	25.350
1533	P	150	1	25.350
1534	P	131	1	25.350
1535	P	152	1	25.350
1536	P	141	1	25.350
1537	P	150	1	25.350
1538	P	146	1	25.600
1539	P	149	1	25.600
1540	P	141	1	25.600
1541	P	135	1	25.600
1542	P	132	1	25.600
1543	P	145	1	25.600
1544	P	138	1	25.600
1545	P	149	1	25.600
1546	P	144	1	25.600
1547	P	140	1	25.600
1548	P	147	1	25.600
1549	P	133	1	25.600
1550	P	146	1	25.600
1551	P	148	1	25.600
1552	P	147	1	25.600
1553	P	139	1	25.850
1554	P	140	1	25.850
1555	P	153	1	25.850
1556	P	142	1	25.850
1557	P	140	1	25.850
1558	P	143	1	25.850
1559	P	154	1	25.850
1560	P	146	1	25.850
1561	H	2948	3	25.850
1562	P	345	1	25.850
1563	P	148	1	25.850
1564	P	166	1	25.850
1565	P	164	1	25.850
1566	P	153	1	25.850
1567	P	160	1	25.850
1568	P	150	1	26.100
1569	P	155	1	26.100
1570	P	145	1	26.100
1571	P	147	1	26.100
1572	P	138	1	26.100
1573	P	144	1	26.100
1574	P	141	1	26.100
1575	P	137	1	26.100
1576	P	143	1	26.100
1577	P	138	1	26.100
1578	P	152	1	26.100
1579	P	147	1	26.100
1580	P	141	1	26.100
1581	P	149	1	26.100
1582	P	137	1	26.100
1583	P	153	1	26.350
1584	P	140	1	26.350
1585	P	146	1	26.350
1586	P	140	1	26.350
1587	P	156	1	26.350
1588	P	152	1	26.350
1589	P	150	1	26.350
1590	P	148	1	26.350
1591	P	149	1	26.350
1592	P	150	1	26.350
1593	P	149	1	26.350
1594	P	147	1	26.350
1595	P	147	1	26.350
1596	P	150	1	26.350
1597	P	139	1	26.350
1598	P	156	1	26.600
1599	P	148	1	26.600
1600	P	139	1	26.600
1601	P	145	1	26.600
1602	P	142	1	26.600
1603	P	148	1	26.600
1604	P	151	1	26.600
1605	P	133	1	26.600
1606	P	144	1	26.600
1607	P	142	1	26.600
1608	P	151	1	26.600
1609	P	159	1	26.600
1610	P	136	1	26.600
1611	P	146	1	26.600
1612	P	138	1	26.600
1613	P	177	1	26.600
1614	P	151	1	26.867
1615	P	146	1	26.867
1616	P	136	1	26.867
1617	P	139	1	26.867
1618	P	136	1	26.867
1619	P	144	1	26.867
1620	P	145	1	26.867
1621	H	2927	3	26.867
1622	P	328	1	26.867
1623	P	136	1	26.867
1624	P	133	1	26.867
1625	P	145	1	26.867
1626	P	140	1	26.867
1627	P	145	1	26.867
1628	P	140	1	26.867
1629	P	147	1	26.867
1630	P	150	1	27.133
1631	P	140	1	27.133
1632	P	140	1	27.133
1633	P	146	1	27.134
1634	P	139	1	27.134
1635	P	139	1	27.134
1636	P	144	1	27.134
1637	P	146	1	27.134
1638	P	135	1	27.134
1639	P	147	1	27.134
1640	P	148	1	27.134
1641	P	141	1	27.134
1642	P	148	1	27.134
1643	P	138	1	27.134
1644	P	139	1	27.134
1645	P	142	1	27.134
1646	P	145	1	27.400
1647	P	144	1	27.400
1648	P	150	1	27.400
1649	P	140	1	27.400
1650	P	137	1	27.400
1651	P	128	1	27.400
1652	P	143	1	27.400
1653	P	145	1	27.400
1654	P	138	1	27.400
1655	P	152	1	27.400
1656	P	148	1	27.400
1657	P	144	1	27.400
1658	P	137	1	27.400
1659	P	150	1	27.400
1660	P	161	1	27.400
1661	P	154	1	27.400
1662	P	143	1	27.667
1663	P	139	1	27.667
1664	P	139	1	27.667
1665	P	150	1	27.667
1666	P	157	1	27.667
1667	P	131	1	27.667
1668	P	145	1	27.667
1669	P	148	1	27.667
1670	P	140	1	27.667
1671	P	148	1	27.667
1672	P	148	1	27.667
1673	P	154	1	27.667
1674	P	134	1	27.667
1675	P	153	1	27.667
1676	P	142	1	27.667
1677	P	144	1	27.667
1678	P	146	1	27.933
1679	P	143	1	27.933
1680	P	157	1	27.933
1681	H	2908	3	27.934
1682	P	339	1	27.934
1683	P	136	1	27.934
1684	P	155	1	27.934
1685	P	163	1	27.934
1686	P	151	1	27.934
1687	P	145	1	27.934
1688	P	152	1	27.934
1689	P	151	1	27.934
1690	P	157	1	27.934
1691	P	145	1	27.934
1692	P	148	1	27.934
1693	P	162	1	27.934
1694	P	149	1	28.200
1695	P	159	1	28.200
1696	P	146	1	28.200
1697	P	152	1	28.200
1698	P	161	1	28.200
1699	P	153	1	28.200
1700	P	149	1	28.200
1701	P	145	1	28.200
1702	P	158	1	28.200
1703	P	158	1	28.200
1704	P	145	1	28.200
1705	P	151	1	28.200
1706	P	146	1	28.200
1707	P	144	1	28.200
1708	P	147	1	28.200
1709	P	140	1	28.200
1710	P	150	1	28.200
1711	P	143	1	28.483
1712	P	146	1	28.483
1713	P	141	1	28.483
1714	P	149	1	28.483
1715	P	143	1	28.483
1716	P	143	1	28.484
1717	P	152	1	28.484
1718	P	142	1	28.484
1719	P	146	1	28.484
1720	P	162	1	28.484
1721	P	157	1	28.484
1722	P	154	1	28.484
1723	P	155	1	28.484
1724	P	141	1	28.484
1725	P	152	1	28.484
1726	P	146	1	28.484
1727	P	136	1	28.484
1728	P	147	1	28.767
1729	P	149	1	28.767
1730	P	146	1	28.767
1731	P	145	1	28.767
1732	P	145	1	28.767
1733	P	144	1	28.767
1734	P	144	1	28.767
1735	P	142	1	28.767
1736	P	145	1	28.767
1737	P	145	1	28.767
1738	P	137	1	28.767
1739	P	155	1	28.767
1740	P	152	1	28.767
1741	H	2943	3	28.767
1742	P	333	1	28.767
1743	P	141	1	28.767
1744	P	152	1	28.767
1745	P	150	1	29.050
1746	P	155	1	29.050
1747	P	153	1	29.050
1748	P	141	1	29.050
1749	P	166	1	29.050
1750	P	157	1	29.050
1751	P	141	1	29.050
1752	P	164	1	29.050
1753	P	146	1	29.050
1754	P	153	1	29.050
1755	P	157	1	29.050
1756	P	147	1	29.050
1757	P	151	1	29.050
1758	P	156	1	29.050
1759	P	154	1	29.050
1760	P	144	1	29.050
1761	P	146	1	29.050
1762	P	140	1	29.333
1763	P	141	1	29.333
1764	P	149	1	29.333
1765	P	142	1	29.334
1766	P	151	1	29.334
1767	P	149	1	29.334
1768	P	149	1	29.334
1769	P	150	1	29.334
1770	P	146	1	29.334
1771	P	129	1	29.334
1772	P	144	1	29.334
1773	P	167	1	29.334
1774	P	150	1	29.334
1775	P	152	1	29.334
1776	P	157	1	29.334
1777	P	155	1	29.334
1778	P	141	1	29.334
1779	P	159	1	29.617
1780	P	144	1	29.617
1781	P	155	1	29.617
1782	P	151	1	29.617
1783	P	148	1	29.617
1784	P	147	1	29.617
1785	P	160	1	29.617
1786	P	143	1	29.617
1787	P	149	1	29.617
1788	P	163	1	29.617
1789	P	151	1	29.617
1790	P	150	1	29.617
1791	P	149	1	29.617
1792	P	163	1	29.617
1793	P	158	1	29.617
1794	P	155	1	29.617
1795	P	145	1	29.617
1796	P	153	1	29.618
1797	P	160	1	29.917
1798	P	154	1	29.917
1799	P	159	1	29.917
1800	P	160	1	29.917
1801	H	2969	3	29.917
1802	P	338	1	29.917
1803	P	142	1	29.917
1804	P	146	1	29.917
1805	P	152	1	29.917
1806	P	159	1	29.917
1807	P	139	1	29.917
1808	P	157	1	29.917
1809	P	156	1	29.917
1810	P	154	1	29.917
1811	P	145	1	29.917
1812	P	149	1	29.917
1813	P	155	1	29.917
1814	P	145	1	29.917
1815	P	156	1	30.217
1816	P	140	1	30.217
1817	P	146	1	30.217
1818	P	159	1	30.217
1819	P	152	1	30.217
1820	P	139	1	30.217
1821	P	155	1	30.217
1822	P	137	1	30.217
1823	P	152	1	30.217
1824	P	154	1	30.217
1825	P	147	1	30.217
1826	P	151	1	30.217
1827	P	136	1	30.217
1828	P	151	1	30.217
1829	P	149	1	30.217
1830	P	147	1	30.217
1831	P	143	1	30.217
1832	P	149	1	30.217
1833	P	147	1	30.517
1834	P	157	1	30.517
1835	P	139	1	30.517
1836	P	150	1	30.517
1837	P	155	1	30.517
1838	P	152	1	30.517
1839	P	151	1	30.517
1840	P	161	1	30.517
1841	P	138	1	30.517
1842	P	149	1	30.517
1843	P	142	1	30.517
1844	P	150	1	30.517
1845	P	144	1	30.517
1846	P	153	1	30.517
1847	P	133	1	30.517
1848	P	154	1	30.517
1849	P	147	1	30.517
1850	P	145	1	30.517
1851	P	152	1	30.817
1852	P	140	1	30.817
1853	P	145	1	30.817
1854	P	147	1	30.817
1855	P	153	1	30.817
1856	P	143	1	30.817
1857	P	137	1	30.817
1858	P	140	1	30.817
1859	P	157	1	30.817
1860	P	144	1	30.817
1861	H	2970	3	30.817
1862	P	330	1	30.817
1863	P	157	1	30.817
1864	P	156	1	30.817
1865	P	152	1	30.817
1866	P	161	1	30.817
1867	P	138	1	30.817
1868	P	160	1	30.817
1869	P	154	1	31.117
1870	P	149	1	31.117
1871	P	148	1	31.117
1872	P	152	1	31.117
1873	P	167	1	31.117
1874	P	149	1	31.117
1875	P	143	1	31.117
1876	P	153	1	31.117
1877	P	161	1	31.117
1878	P	147	1	31.117
1879	P	151	1	31.117
1880	P	152	1	31.117
1881	P	144	1	31.117
1882	P	141	1	31.117
1883	P	153	1	31.117
1884	P	151	1	31.117
1885	P	145	1	31.117
1886	P	158	1	31.117
1887	P	152	1	31.417
1888	P	145	1	31.417
1889	P	149	1	31.417
1890	P	144	1	31.417
1891	P	149	1	31.417
1892	P	145	1	31.417
1893	P	153	1	31.417
1894	P	151	1	31.417
1895	P	166	1	31.417
1896	P	148	1	31.417
1897	P	139	1	31.417
1898	P	154	1	31.417
1899	P	153	1	31.417
1900	P	142	1	31.417
1901	P	136	1	31.417
1902	P	148	1	31.417
1903	P	148	1	31.417
1904	P	143	1	31.417
1905	P	145	1	31.417
1906	P	162	1	31.733
1907	P	141	1	31.733
1908	P	144	1	31.733
1909	P	149	1	31.734
1910	P	145	1	31.734
1911	P	154	1	31.734
1912	P	140	1	31.734
1913	P	146	1	31.734
1914	P	143	1	31.734
1915	P	142	1	31.734
1916	P	139	1	31.734
1917	P	149	1	31.734
1918	P	148	1	31.734
1919	P	152	1	31.734
1920	P	160	1	31.734
1921	H	3038	3	31.734
1922	P	342	1	31.734
1923	P	143	1	31.734
1924	P	150	1	31.734
1925	P	155	1	32.050
1926	P	146	1	32.050
1927	P	147	1	32.050
1928	P	152	1	32.050
1929	P	148	1	32.050
1930	P	168	1	32.050
1931	P	153	1	32.050
1932	P	151	1	32.050
1933	P	141	1	32.050
1934	P	143	1	32.050
1935	P	140	1	32.050
1936	P	150	1	32.050
1937	P	149	1	32.050
1938	P	151	1	32.050
1939	P	149	1	32.050
1940	P	172	1	32.050
1941	P	169	1	32.050
1942	P	143	1	32.050
1943	P	158	1	32.050
1944	P	141	1	32.367
1945	P	141	1	32.367
1946	P	167	1	32.367
1947	P	148	1	32.367
1948	P	149	1	32.367
1949	P	145	1	32.367
1950	P	152	1	32.367
1951	P	158	1	32.367
1952	P	157	1	32.367
1953	P	152	1	32.367
1954	P	160	1	32.367
1955	P	145	1	32.367
1956	P	149	1	32.367
1957	P	155	1	32.367
1958	P	143	1	32.367
1959	P	151	1	32.367
1960	P	165	1	32.367
1961	P	137	1	32.367
1962	P	136	1	32.367
1963	P	138	1	32.683
1964	P	151	1	32.683
1965	P	149	1	32.683
1966	P	125	1	32.683
1967	P	146	1	32.684
1968	P	149	1	32.684
1969	P	153	1	32.684
1970	P	151	1	32.684
1971	P	140	1	32.684
1972	P	147	1	32.684
1973	P	144	1	32.684
1974	P	140	1	32.684
1975	P	141	1	32.684
1976	P	150	1	32.684
1977	P	156	1	32.684
1978	P	160	1	32.684
1979	P	145	1	32.684
1980	P	152	1	32.684
1981	H	2989	3	32.684
1982	P	329	1	33.000
1983	P	146	1	33.000
1984	P	151	1	33.000
1985	P	148	1	33.000
1986	P	159	1	33.000
1987	P	157	1	33.000
1988	P	156	1	33.000
1989	P	154	1	33.000
1990	P	157	1	33.000
1991	P	153	1	33.000
1992	P	157	1	33.000
1993	P	145	1	33.000
1994	P	142	1	33.000
1995	P	146	1	33.000
1996	P	164	1	33.000
1997	P	156	1	33.000
1998	P	163	1	33.000
1999	P	142	1	33.000
2000	P	158	1	33.000
2001	P	144	1	33.000
